gender,SeniorCitizen,Partner,Dependents,tenure,PhoneService,MultipleLines,InternetService,OnlineSecurity,OnlineBackup,DeviceProtection,TechSupport,StreamingTV,StreamingMovies,Contract,PaperlessBilling,PaymentMethod,MonthlyCharges,TotalCharges
1,0,1,1,65,1,2,1,2,2,2,2,0,0,2,0,1,94.55,6078.75
1,0,0,0,26,0,1,0,0,0,2,2,0,0,0,0,2,35.75,1022.5
0,0,1,0,68,1,2,1,0,2,2,2,0,0,2,0,1,90.2,6297.65
1,0,0,0,3,1,0,1,0,2,0,0,0,2,0,0,2,84.3,235.05
0,0,1,0,49,0,1,0,2,0,0,0,2,0,0,0,0,40.65,2070.75
0,1,1,0,64,1,0,1,2,2,2,0,0,2,1,0,0,97.0,6430.9
1,0,0,0,7,1,0,0,0,0,2,2,2,0,0,0,0,64.3,445.95
1,0,0,0,22,1,0,1,0,2,0,0,2,2,0,1,3,93.2,2157.3
1,0,1,1,31,1,0,0,0,0,2,2,0,0,0,0,3,54.35,1647.0
0,0,0,0,6,0,1,0,0,0,2,0,2,2,0,1,2,47.95,305.1
1,0,0,1,1,1,0,2,1,1,1,1,1,1,0,1,3,19.2,19.2
0,0,0,0,6,1,2,1,2,0,0,0,0,0,0,1,2,79.05,434.5
0,0,0,0,12,1,2,1,2,0,0,0,0,0,0,1,2,79.8,1001.2
0,0,1,0,61,1,2,1,0,0,2,2,2,2,0,1,2,106.35,6751.35
0,0,0,0,43,1,0,2,1,1,1,1,1,1,2,1,0,19.65,779.25
0,1,0,0,30,0,1,0,0,0,2,0,2,0,0,1,2,40.3,1172.95
1,0,0,0,22,1,0,0,0,2,0,2,0,0,1,1,1,55.15,1193.05
0,0,1,1,52,1,2,2,1,1,1,1,1,1,2,0,3,23.05,1255.1
0,0,0,0,1,1,0,0,0,0,0,0,0,2,0,1,2,56.25,56.25
0,0,0,0,57,1,2,1,0,2,0,2,0,2,1,0,2,94.7,5468.95
0,0,1,0,72,0,1,0,0,2,2,0,2,2,2,1,2,54.2,3937.45
0,0,0,0,42,1,0,1,0,2,2,2,2,2,0,1,0,103.8,4327.5
0,0,1,1,15,1,0,2,1,1,1,1,1,1,0,0,3,19.8,272.95
1,0,1,1,64,1,0,1,2,2,0,0,0,0,0,0,2,81.05,5135.35
1,1,1,1,47,1,0,1,0,2,0,0,2,0,1,1,0,84.95,4018.05
0,0,1,1,2,0,1,0,0,0,0,2,0,0,0,0,0,29.05,44.75
1,0,0,0,1,1,0,2,1,1,1,1,1,1,0,0,3,20.2,20.2
1,0,0,0,1,1,0,0,2,0,0,0,0,0,0,1,3,50.7,50.7
0,0,1,1,72,1,2,1,2,2,2,2,2,2,2,1,0,113.1,8248.5
0,0,1,1,32,1,2,1,2,0,0,0,2,0,0,0,2,89.6,2901.8
0,1,1,0,1,1,2,1,0,0,0,0,0,0,0,1,2,74.45,74.45
0,0,1,0,71,0,1,0,2,2,2,2,0,0,2,1,0,47.6,3377.8
1,0,1,1,15,1,0,1,2,0,0,0,0,0,0,0,3,75.1,1151.55
1,0,1,0,47,1,2,1,0,0,0,0,2,2,1,1,1,95.2,4563.0
1,0,1,1,34,1,2,1,0,2,0,0,2,2,0,1,0,97.7,3410.0
1,0,1,1,50,1,2,1,0,2,2,0,2,2,0,1,0,103.85,5017.9
1,0,0,0,10,1,0,2,1,1,1,1,1,1,0,0,1,20.0,198.7
0,1,0,0,8,1,0,1,0,0,2,0,2,2,0,1,2,92.1,729.95
1,0,1,1,23,1,0,2,1,1,1,1,1,1,1,0,3,19.65,436.9
1,0,0,0,7,1,0,1,0,0,2,0,0,0,0,1,2,74.9,490.55
1,0,1,0,23,1,2,1,0,2,2,0,0,0,0,0,2,84.25,1968.1
0,0,1,1,72,1,2,0,2,2,2,2,2,2,2,0,1,90.95,6652.45
0,0,0,0,30,1,0,1,0,0,0,2,2,0,0,0,2,85.15,2555.9
0,1,1,0,31,0,1,0,2,2,2,0,0,2,1,1,1,50.4,1580.1
1,0,0,0,3,1,2,1,0,2,2,0,2,2,0,0,3,107.95,313.6
0,1,0,0,24,1,0,2,1,1,1,1,1,1,0,1,3,20.3,459.95
1,0,0,0,62,1,0,0,2,2,0,0,2,2,1,1,1,74.3,4698.05
1,0,1,1,37,0,1,0,2,2,2,0,0,0,0,0,0,40.2,1448.8
0,0,0,0,62,1,0,2,1,1,1,1,1,1,2,1,1,19.2,1123.65
1,0,0,0,11,1,0,1,2,0,0,0,0,0,0,1,2,73.5,791.75
0,0,0,0,10,0,1,0,0,2,0,2,0,0,0,0,2,36.25,374.0
0,0,0,0,37,1,2,1,0,2,2,0,2,2,0,1,0,101.9,3545.35
1,1,0,0,72,1,2,2,1,1,1,1,1,1,2,1,1,25.1,1789.9
1,0,0,0,19,1,2,1,2,0,2,0,0,0,0,1,2,84.75,1651.95
0,0,0,0,1,1,0,2,1,1,1,1,1,1,0,1,3,19.6,19.6
0,0,1,0,23,1,2,0,0,0,0,2,2,2,0,1,1,73.65,1642.75
0,1,1,0,43,1,2,1,2,0,2,2,2,2,1,1,3,109.55,4830.25
1,0,0,0,46,1,2,1,0,2,2,0,2,0,1,1,1,94.9,4422.95
1,0,0,1,9,1,0,2,1,1,1,1,1,1,0,0,3,20.4,184.1
0,0,1,1,24,1,0,2,1,1,1,1,1,1,2,1,3,19.7,494.05
0,1,0,0,8,1,2,1,0,0,0,2,2,2,0,1,1,100.15,908.55
0,0,1,1,10,1,2,1,0,0,0,0,0,2,0,0,2,85.95,858.6
1,0,1,1,71,1,0,0,2,0,2,2,0,2,2,1,1,70.85,4973.4
0,0,1,1,5,0,1,0,0,2,0,0,0,0,0,1,2,30.5,167.2
1,1,1,0,41,1,2,1,2,0,2,0,0,0,0,1,0,83.75,3273.55
1,0,1,1,58,1,2,0,2,2,2,2,0,0,2,0,1,71.6,4230.25
0,0,0,0,3,1,0,0,0,0,2,0,2,2,1,1,2,69.95,220.45
1,0,1,1,67,1,0,2,1,1,1,1,1,1,2,1,1,19.4,1284.2
0,0,0,0,13,0,1,0,2,0,0,0,0,0,0,1,0,30.85,394.1
1,0,1,1,1,1,0,2,1,1,1,1,1,1,1,1,2,20.2,20.2
1,0,1,1,71,1,0,1,2,2,2,2,2,0,2,0,1,100.2,7209.0
1,0,0,0,8,1,0,0,0,0,0,0,0,2,0,1,1,54.75,438.05
1,0,0,0,28,1,0,1,0,2,0,2,2,0,1,1,0,91.25,2483.65
0,0,1,0,71,1,2,2,1,1,1,1,1,1,2,0,3,23.85,1672.1
1,0,0,0,67,1,2,1,2,2,2,2,2,2,1,1,0,118.35,7804.15
1,0,1,1,63,1,2,0,2,2,2,2,2,2,2,1,1,89.4,5597.65
1,0,0,0,5,1,0,1,0,0,0,0,2,0,0,1,2,80.6,415.55
0,0,0,0,37,1,2,0,2,2,2,2,2,0,0,1,1,78.9,2976.95
0,0,1,0,53,1,2,1,0,2,2,2,2,2,1,1,0,111.8,5809.75
0,0,0,1,12,1,0,0,0,0,0,0,0,0,0,1,2,44.55,480.6
0,0,0,0,70,1,0,2,1,1,1,1,1,1,1,0,0,19.7,1341.5
1,0,0,0,3,1,2,1,0,0,0,0,0,0,0,1,2,74.4,229.55
1,0,1,0,14,1,2,1,0,2,2,0,0,0,0,1,2,82.65,1185.0
0,0,0,0,61,0,1,0,2,2,2,2,0,0,1,0,1,43.7,2696.55
1,0,0,0,4,1,0,1,0,0,0,0,2,2,0,1,2,88.45,370.65
0,0,0,0,1,1,0,1,0,0,0,0,2,2,0,0,2,90.6,90.6
0,1,0,0,10,0,1,0,0,0,0,2,0,0,0,1,2,29.65,291.4
1,0,0,1,23,1,0,0,0,2,0,2,0,0,0,1,0,55.3,1284.2
1,0,0,1,27,1,0,2,1,1,1,1,1,1,2,0,3,20.6,581.85
0,1,1,0,72,1,2,0,2,2,2,2,0,2,2,0,0,78.45,5682.25
1,0,1,1,66,0,1,0,0,0,0,2,2,2,2,0,0,50.55,3364.55
1,0,1,1,35,1,2,1,0,2,2,2,2,2,0,1,2,109.95,3782.4
0,0,0,0,1,1,0,0,0,0,0,0,0,0,0,1,3,45.3,45.3
1,1,0,0,12,1,2,1,0,0,0,0,0,0,0,1,1,73.3,828.05
1,0,0,0,26,0,1,0,2,2,0,0,0,2,0,1,0,44.65,1156.55
0,0,0,0,18,0,1,0,0,0,2,2,0,0,0,1,2,35.2,607.3
1,0,1,0,3,0,1,0,0,2,0,0,0,0,0,0,1,29.8,94.4
0,0,0,0,67,1,0,2,1,1,1,1,1,1,1,0,2,20.55,1343.4
0,0,1,1,12,1,0,2,1,1,1,1,1,1,2,0,0,20.3,224.5
0,1,1,0,32,1,2,1,0,0,0,0,2,0,0,1,1,85.95,2628.6
1,1,0,0,9,1,2,1,0,0,0,0,0,2,0,1,2,85.05,746.5
1,1,1,1,52,1,2,0,0,2,2,0,2,2,1,1,2,80.85,4079.55
0,0,0,0,17,1,0,2,1,1,1,1,1,1,1,0,1,20.05,337.9
1,1,0,0,70,0,1,0,0,0,0,0,2,2,1,1,2,45.25,3264.45
0,0,0,1,14,1,2,1,2,0,0,2,0,0,0,1,3,86.0,1164.05
0,0,1,1,18,1,0,0,2,2,0,2,0,0,1,1,3,61.5,1087.45
1,0,0,0,46,0,1,0,2,0,2,2,2,2,2,1,0,60.75,2893.4
1,1,1,0,13,1,0,1,0,2,2,0,2,2,0,1,2,98.0,1237.85
1,0,0,0,19,1,0,1,0,0,0,0,2,0,0,1,0,78.7,1495.1
0,0,0,0,3,1,0,0,2,2,0,2,0,2,2,0,3,71.1,213.35
1,0,1,1,62,1,0,2,1,1,1,1,1,1,2,0,1,20.65,1218.45
0,1,0,0,38,1,0,2,1,1,1,1,1,1,2,0,3,20.2,735.9
1,0,0,0,7,1,0,2,1,1,1,1,1,1,0,0,2,19.25,112.3
0,0,0,0,46,1,0,0,0,0,0,0,0,2,1,0,1,55.65,2688.85
0,0,0,1,12,1,2,1,2,0,0,0,0,0,0,1,2,78.3,909.25
1,0,1,0,10,1,0,2,1,1,1,1,1,1,1,0,0,19.6,189.45
1,0,0,0,9,1,0,1,0,0,2,0,0,0,0,1,2,73.8,704.3
1,0,0,0,24,1,0,0,2,0,0,0,0,0,0,1,2,51.15,1275.7
0,0,1,0,4,1,2,1,0,2,0,0,2,0,0,1,2,91.65,365.4
0,0,0,0,46,1,2,1,2,2,0,0,0,0,0,0,3,84.25,3847.6
0,1,0,0,67,1,0,1,2,2,0,2,2,0,2,1,0,92.45,6140.85
0,0,1,1,14,1,2,0,0,2,0,2,2,2,0,0,1,80.45,1137.05
0,0,1,1,44,1,0,2,1,1,1,1,1,1,0,0,3,19.6,780.25
0,0,0,0,9,1,0,2,1,1,1,1,1,1,0,0,3,19.05,157.65
0,0,0,0,1,1,0,1,0,0,0,0,0,2,0,1,2,81.95,81.95
0,0,1,0,57,1,2,1,0,2,2,2,2,2,1,1,0,109.4,6252.7
1,0,0,0,1,1,0,2,1,1,1,1,1,1,0,1,3,20.1,20.1
1,1,1,0,69,1,2,1,0,2,2,2,2,2,2,1,2,109.95,7634.25
0,0,1,1,65,1,2,1,2,0,2,2,2,2,2,0,2,109.3,7337.55
1,0,1,0,52,1,2,1,2,0,2,2,0,0,2,1,1,91.6,4627.8
0,0,0,0,4,1,0,2,1,1,1,1,1,1,0,1,1,20.15,68.45
0,0,0,0,1,1,0,2,1,1,1,1,1,1,0,0,2,18.85,18.85
1,0,0,0,1,1,0,0,0,0,0,0,0,0,0,0,2,45.75,45.75
1,0,1,0,72,1,2,1,2,2,2,0,0,2,2,1,2,99.15,7422.1
0,0,0,0,53,0,1,0,2,2,2,2,2,0,1,1,2,53.6,2879.2
1,0,0,1,72,0,1,0,2,2,2,2,2,2,2,0,1,67.2,4671.7
0,0,0,0,2,1,0,1,0,0,0,0,0,0,0,0,2,69.65,145.15
1,1,0,0,72,1,2,1,2,2,2,2,2,2,2,0,0,113.8,7845.8
1,0,1,1,1,1,0,0,0,0,0,0,0,0,0,1,3,45.85,45.85
0,0,1,1,67,1,2,2,1,1,1,1,1,1,2,1,3,24.9,1680.25
0,0,0,0,18,1,0,2,1,1,1,1,1,1,1,0,3,20.1,407.05
0,1,0,0,2,1,0,1,0,0,0,0,0,0,0,1,2,70.35,139.05
0,0,0,0,12,1,2,0,0,0,0,2,2,2,1,0,3,74.05,872.65
0,0,0,0,42,1,0,0,0,0,2,2,0,2,2,0,1,66.5,2762.75
1,0,0,1,31,1,2,0,0,2,0,2,2,2,1,1,3,79.45,2587.7
1,0,1,0,69,1,0,0,2,2,0,0,0,0,1,1,1,53.65,3804.4
0,0,1,1,67,1,0,1,2,2,2,0,0,0,1,0,0,84.8,5598.3
1,0,1,1,51,1,0,2,1,1,1,1,1,1,2,0,1,19.55,1086.75
1,0,0,0,65,1,2,2,1,1,1,1,1,1,1,0,1,24.8,1600.95
1,0,0,0,25,1,0,2,1,1,1,1,1,1,0,0,3,20.6,541.5
0,0,1,0,58,1,2,1,0,0,2,2,2,2,0,1,1,102.1,5885.4
1,1,1,0,52,1,0,1,2,0,2,2,2,2,1,1,0,104.45,5481.25
1,1,0,0,37,0,1,0,0,2,2,0,0,0,0,0,2,36.65,1315.0
0,0,0,0,4,1,2,2,1,1,1,1,1,1,1,0,2,23.9,97.5
0,1,0,0,63,1,2,1,0,0,2,0,0,2,0,1,0,89.6,5538.8
1,0,1,0,53,1,0,1,0,2,0,0,2,2,1,1,0,94.25,4867.95
0,0,1,1,32,1,0,1,0,2,0,0,2,0,0,1,2,86.1,2723.75
0,0,0,0,30,1,0,1,0,0,0,2,2,2,1,1,0,94.4,2638.1
0,0,1,0,11,1,2,1,0,0,0,0,2,2,0,1,2,94.0,1078.9
0,0,1,1,69,0,1,0,2,2,2,2,0,0,2,0,0,46.25,3121.4
0,0,1,1,61,0,1,0,0,2,2,2,2,0,2,0,1,51.35,3244.4
0,0,0,0,9,1,2,1,0,0,2,0,2,2,0,0,1,98.3,923.5
0,0,1,0,18,1,0,0,0,0,0,2,0,0,0,1,3,50.3,908.75
0,0,1,1,58,1,0,2,1,1,1,1,1,1,2,1,3,19.85,1158.85
0,1,0,0,35,1,2,1,2,0,0,0,2,2,0,1,2,99.05,3554.6
1,0,0,1,14,1,0,0,2,2,2,2,0,2,2,0,0,76.1,1054.8
0,0,1,1,58,1,0,2,1,1,1,1,1,1,2,0,1,20.5,1191.4
0,0,0,0,9,1,0,0,2,2,0,0,2,2,0,1,2,74.65,703.55
0,1,1,0,51,1,2,1,2,0,0,0,0,0,0,1,2,77.5,3807.35
1,0,1,0,30,1,0,2,1,1,1,1,1,1,2,0,3,19.05,637.55
1,0,0,0,4,1,2,0,0,0,0,0,0,0,0,0,1,51.75,201.1
0,1,0,0,14,1,0,1,2,2,0,0,0,0,0,0,2,78.85,1043.8
0,1,1,0,23,1,0,1,2,0,0,0,2,2,0,1,2,95.1,2326.05
1,0,0,0,17,1,0,1,0,0,0,0,0,0,0,1,2,70.8,1207.0
1,0,1,0,8,1,0,0,0,2,0,0,0,0,0,1,0,49.55,393.45
1,0,1,0,61,1,2,0,2,0,2,2,0,2,2,0,1,75.35,4729.3
0,0,1,1,72,1,2,1,2,2,2,2,0,2,2,0,1,107.45,7658.3
1,0,0,0,1,1,0,0,0,0,0,2,0,0,0,0,1,49.0,49.0
0,0,1,1,20,1,0,2,1,1,1,1,1,1,0,0,2,20.0,417.65
0,0,1,1,72,1,2,0,2,0,2,2,2,2,2,1,1,85.9,6110.75
1,0,0,0,71,1,2,1,0,2,0,0,0,0,1,1,1,79.05,5552.5
0,0,1,1,72,1,2,1,2,2,2,2,2,2,2,0,1,117.5,8670.1
1,0,0,0,37,1,0,1,0,0,0,0,0,0,0,1,3,70.35,2552.9
1,0,1,1,70,1,0,0,2,2,2,0,2,2,2,1,1,80.15,5600.15
0,0,1,1,51,1,2,1,0,0,2,0,0,2,1,1,2,90.15,4554.85
0,0,1,1,28,1,0,1,0,0,0,0,0,0,1,1,0,70.4,1992.2
0,0,1,0,1,1,0,1,0,0,0,0,0,0,0,1,2,68.95,68.95
0,0,1,0,40,1,0,2,1,1,1,1,1,1,2,0,3,19.1,780.1
0,0,0,0,8,1,0,0,0,0,0,2,0,0,0,0,2,49.4,408.25
0,1,0,0,13,1,0,1,0,0,2,0,0,0,0,1,2,74.3,940.35
0,0,0,0,1,0,1,0,0,0,2,2,0,0,0,0,3,35.9,35.9
0,1,0,0,17,1,0,2,1,1,1,1,1,1,1,0,3,20.65,330.6
0,0,1,0,16,1,0,1,0,2,0,0,2,2,0,1,0,94.65,1461.15
1,0,0,0,1,1,0,0,2,0,0,0,0,0,0,1,3,50.75,50.75
0,0,1,1,22,1,2,1,0,0,0,0,0,0,0,1,0,75.8,1615.1
0,1,0,0,16,1,2,1,0,0,0,0,2,2,0,1,2,96.15,1529.2
0,0,1,1,45,1,2,1,2,2,0,0,2,2,0,1,2,105.15,4730.9
0,0,1,1,3,1,0,1,0,0,0,0,0,0,0,1,2,69.55,200.2
0,0,0,0,15,1,2,1,0,2,0,0,2,2,0,1,2,100.15,1415.0
0,0,1,0,25,1,2,1,0,0,2,2,2,2,0,1,0,104.95,2566.5
0,1,0,0,1,1,0,1,0,2,0,0,0,2,0,1,2,86.0,86.0
1,0,1,0,47,1,0,2,1,1,1,1,1,1,1,0,0,19.9,942.95
1,1,1,0,5,1,2,1,0,0,2,0,0,0,0,1,0,79.9,343.95
0,0,1,0,71,1,0,0,2,2,2,2,2,2,1,1,0,84.8,6046.1
1,0,0,0,3,0,1,0,0,0,0,0,0,0,0,0,2,24.75,66.95
0,0,1,1,1,1,0,1,0,0,0,0,0,0,0,1,2,69.8,69.8
1,0,1,1,50,1,2,0,0,0,2,2,2,0,1,1,2,69.65,3442.15
1,0,0,0,4,1,0,2,1,1,1,1,1,1,0,1,2,20.2,55.7
0,1,0,0,43,1,0,1,2,2,0,2,2,2,0,1,1,108.15,4600.7
0,0,0,0,6,1,0,2,1,1,1,1,1,1,0,0,1,19.7,129.55
0,0,0,0,38,1,2,0,0,2,0,2,0,2,0,0,1,68.15,2656.3
1,1,1,0,35,1,2,1,0,0,2,0,0,0,1,1,0,81.6,2815.25
1,0,1,0,45,1,2,1,0,2,0,0,0,0,0,0,0,81.4,3775.85
1,0,0,0,10,1,2,2,1,1,1,1,1,1,2,0,0,25.7,251.6
0,0,1,0,64,1,2,2,1,1,1,1,1,1,2,0,1,25.0,1584.8
0,0,0,0,31,1,2,1,2,2,0,0,2,2,0,0,2,104.35,3205.6
0,0,0,0,1,1,0,2,1,1,1,1,1,1,0,0,3,20.9,20.9
0,0,1,0,72,1,2,1,0,2,2,2,2,2,1,1,2,109.25,8109.8
1,0,0,0,1,1,0,0,0,0,0,0,0,0,0,1,2,45.65,45.65
0,0,0,0,1,1,0,2,1,1,1,1,1,1,0,1,3,19.5,19.5
0,1,1,0,47,1,2,1,2,0,0,0,0,0,0,0,2,80.35,3825.85
0,1,0,0,71,1,2,1,0,2,2,0,2,2,1,1,2,105.9,7521.95
1,0,0,1,30,1,0,0,0,2,2,0,2,0,1,0,1,64.5,1929.95
1,0,1,0,71,1,0,0,2,2,2,2,2,2,2,1,0,86.1,6045.9
0,0,0,0,3,1,0,1,0,0,0,0,0,0,0,1,2,69.85,199.85
0,0,1,0,22,1,0,0,0,2,2,0,0,0,0,1,3,54.7,1178.75
1,1,0,0,67,1,2,0,2,2,0,2,0,0,2,1,0,64.55,4250.1
0,1,1,0,59,1,2,1,2,2,2,2,0,0,1,1,2,94.05,5483.9
1,1,1,0,72,1,2,1,2,2,2,2,2,2,2,1,0,116.05,8404.9
1,0,1,1,12,1,2,2,1,1,1,1,1,1,2,1,0,24.0,269.65
0,0,0,0,1,1,0,0,0,0,0,0,0,0,0,0,3,44.4,44.4
1,0,1,1,64,1,2,1,2,2,2,0,0,0,0,1,2,91.8,5960.5
1,0,0,0,17,1,0,0,0,0,0,2,0,0,0,0,3,51.5,900.5
1,0,1,1,14,1,2,0,2,2,0,0,0,2,0,0,3,69.2,944.65
1,0,1,0,44,1,0,0,0,2,2,2,2,0,1,1,2,70.95,3250.45
1,0,1,0,58,0,1,0,0,0,0,0,2,2,1,1,1,45.0,2689.35
1,0,0,0,30,1,2,1,2,2,0,0,0,2,0,1,1,94.3,2679.7
0,0,0,0,23,1,0,2,1,1,1,1,1,1,1,1,1,19.65,478.1
1,1,0,0,16,1,2,1,0,0,0,0,0,0,0,1,0,74.45,1261.35
0,0,1,1,13,1,0,0,2,0,0,2,0,0,1,0,0,54.15,701.05
0,0,0,0,40,1,0,0,0,0,2,0,0,0,1,1,3,50.25,2023.55
0,0,1,1,33,1,2,0,0,0,2,2,2,2,1,1,2,79.15,2531.4
0,0,0,0,42,1,0,0,0,2,0,0,0,0,0,1,2,49.55,2077.95
0,0,0,0,10,1,2,1,0,0,0,0,0,0,0,1,3,75.75,777.3
0,0,1,1,66,1,2,1,0,2,2,0,2,2,1,1,1,102.45,6615.15
0,0,1,0,26,1,0,1,0,0,0,2,0,2,0,0,1,85.9,2196.45
0,0,1,1,72,1,2,1,2,2,2,2,2,2,2,1,2,115.5,8425.15
1,0,0,0,71,1,0,2,1,1,1,1,1,1,2,1,1,19.9,1355.1
0,0,1,1,5,0,1,0,0,2,0,2,0,0,0,0,2,34.25,163.55
0,0,0,0,25,0,1,0,2,2,2,0,2,2,1,0,2,61.05,1540.2
0,1,1,0,42,1,2,1,2,0,2,0,2,2,1,1,0,105.2,4599.15
0,0,1,0,50,1,0,2,1,1,1,1,1,1,1,1,0,19.85,943.1
0,0,1,1,71,1,0,0,2,2,2,2,2,2,2,0,1,87.25,6328.7
1,0,1,1,55,1,0,1,0,2,0,2,0,0,0,0,2,79.4,4238.45
0,0,0,0,4,1,2,1,2,0,0,0,0,0,0,1,2,80.15,319.85
1,1,1,0,61,1,2,0,0,2,0,0,0,2,1,0,0,64.05,3902.6
1,0,1,1,70,1,0,1,0,2,2,2,2,2,1,1,2,106.15,7475.1
1,0,1,1,56,1,2,1,2,2,2,2,2,2,2,0,3,115.85,6567.9
0,0,0,0,8,1,2,1,0,0,2,0,2,2,0,1,2,99.65,820.5
1,0,1,1,72,1,2,1,2,0,2,0,2,2,2,1,0,105.55,7542.25
1,0,1,1,60,1,0,1,0,2,2,0,2,0,1,0,2,90.95,5453.4
1,0,1,0,28,1,0,0,2,0,0,2,0,0,1,0,3,54.35,1426.45
1,0,1,1,16,1,2,0,2,2,0,2,2,2,0,0,2,84.9,1398.25
1,0,0,0,21,1,2,1,2,0,2,0,2,2,0,0,3,103.85,2215.0
0,1,1,0,42,1,2,1,0,0,0,0,2,2,0,1,2,95.05,3944.5
0,0,1,0,3,1,0,2,1,1,1,1,1,1,0,1,3,19.6,55.25
0,1,0,0,9,1,2,1,0,0,0,0,0,0,0,1,2,74.55,622.9
1,0,1,0,59,1,2,1,2,2,2,2,2,0,0,1,2,106.75,6252.9
1,0,1,1,7,0,1,0,2,2,2,0,0,0,2,0,3,38.55,280.0
1,0,1,1,30,1,0,2,1,1,1,1,1,1,2,0,3,21.25,711.9
0,0,0,0,53,1,0,1,2,2,2,2,0,2,2,0,3,99.5,5424.25
1,0,0,0,69,1,2,0,2,2,2,2,0,2,1,1,1,78.6,5356.45
0,0,1,1,57,1,0,2,1,1,1,1,1,1,2,0,0,19.5,1167.6
0,0,1,0,62,1,2,2,1,1,1,1,1,1,2,0,0,23.65,1416.75
1,0,1,1,66,1,0,0,2,2,2,2,2,0,1,1,2,75.1,5013.0
1,0,1,1,34,1,2,1,0,0,2,0,0,2,0,1,1,90.05,3097.0
0,0,0,1,1,1,0,0,2,0,0,0,0,0,0,0,3,51.2,51.2
1,0,1,0,60,1,2,1,0,0,2,0,2,2,2,0,1,101.15,6067.4
0,0,1,1,23,1,0,0,2,2,2,2,0,0,1,1,3,66.25,1533.8
1,0,0,0,66,1,0,1,0,2,2,0,2,2,0,0,2,99.5,6710.5
0,1,0,0,13,1,2,1,0,0,0,0,2,2,0,1,2,95.05,1290.0
1,0,1,1,72,1,0,2,1,1,1,1,1,1,2,0,0,20.3,1401.15
0,0,1,1,63,1,2,1,2,0,0,0,2,2,1,1,1,99.65,6311.2
1,0,1,1,72,0,1,0,2,2,2,2,2,2,2,1,1,64.8,4719.75
1,0,1,1,62,1,2,1,2,2,2,2,2,2,2,0,0,115.55,7159.05
1,1,1,0,16,1,0,1,0,0,2,2,0,2,0,1,2,91.55,1540.05
0,0,1,0,71,1,2,1,2,0,2,0,2,2,1,1,1,104.1,7412.25
0,0,0,0,4,1,0,1,0,0,0,0,2,0,0,1,2,79.0,303.15
0,0,1,0,15,1,0,1,0,0,0,0,2,2,0,0,2,88.15,1390.6
0,0,0,0,21,0,1,0,2,0,0,2,0,0,2,0,3,35.1,770.4
1,0,1,1,20,0,1,0,2,0,2,2,0,0,2,1,1,39.4,825.4
1,0,1,1,47,1,2,0,0,2,0,0,0,0,0,0,2,54.25,2538.2
0,0,1,1,72,0,1,0,2,2,2,2,2,2,2,0,0,64.45,4528.0
1,0,0,0,18,1,0,0,2,0,2,2,2,0,0,1,2,68.35,1299.8
0,0,0,0,24,1,2,2,1,1,1,1,1,1,1,0,0,24.6,605.25
1,0,1,0,56,1,2,1,0,2,0,2,2,2,1,1,2,107.25,6033.3
0,0,0,0,5,1,0,1,0,2,0,2,0,2,0,1,2,89.35,461.7
0,0,1,1,17,1,2,2,1,1,1,1,1,1,0,0,3,24.1,409.9
0,1,0,0,13,1,0,1,0,0,2,0,2,2,0,1,2,96.85,1235.55
1,0,1,1,59,1,2,1,0,0,2,0,2,2,2,1,1,99.5,5861.75
1,1,1,0,29,1,2,1,0,2,2,0,0,2,0,1,2,95.9,2745.2
0,0,1,1,28,1,2,0,0,0,0,0,0,0,0,0,3,49.9,1410.25
0,0,0,0,46,1,2,0,2,0,2,0,2,2,2,0,3,79.2,3593.8
1,1,0,0,2,1,0,0,0,0,0,0,0,0,0,1,2,44.7,93.7
0,1,0,0,1,0,1,0,0,0,0,0,0,0,0,1,3,25.7,25.7
1,0,0,0,12,1,0,0,0,0,0,0,0,0,0,1,0,45.4,518.9
0,0,1,1,51,1,0,2,1,1,1,1,1,1,2,0,3,19.95,1028.75
1,0,0,0,60,0,1,0,2,2,2,0,0,0,2,0,0,39.6,2424.5
1,0,1,1,16,1,0,2,1,1,1,1,1,1,0,0,2,20.15,341.35
1,0,1,1,70,1,2,0,0,2,2,2,2,2,2,1,1,85.95,5931.75
0,0,1,1,35,1,0,2,1,1,1,1,1,1,2,1,3,19.85,739.35
1,0,1,0,37,1,2,1,0,0,2,2,2,0,2,0,3,94.3,3460.95
0,0,1,1,54,1,2,0,0,2,2,2,2,2,0,1,2,86.2,4524.05
0,1,1,0,72,1,2,0,2,2,2,2,2,2,2,0,1,89.1,6352.4
0,0,0,0,1,1,2,1,0,2,0,0,0,0,0,1,3,79.15,79.15
0,1,0,0,23,1,2,1,0,0,2,0,0,0,0,1,3,79.35,1835.3
0,0,1,1,43,1,2,1,0,0,2,0,0,2,0,1,0,92.55,4039.0
1,0,0,1,70,1,2,0,2,2,0,2,0,0,1,0,0,64.95,4551.5
0,0,0,0,6,0,1,0,0,0,0,0,2,2,0,0,1,45.0,298.7
1,0,1,0,42,0,1,0,0,0,0,0,0,0,0,1,1,25.1,1097.15
0,0,0,0,4,1,2,1,0,0,0,0,2,0,0,1,2,85.65,321.65
1,0,1,0,72,1,2,0,2,2,2,2,0,2,2,1,0,82.3,5980.55
1,0,1,1,1,1,0,1,0,0,0,0,0,0,0,1,2,71.0,71.0
1,0,0,0,10,1,2,1,0,2,0,0,0,0,0,0,2,79.85,797.25
1,0,0,0,54,1,2,1,0,2,0,0,0,0,0,1,0,79.85,4308.25
0,0,1,0,71,1,2,2,1,1,1,1,1,1,2,1,1,24.25,1732.95
1,0,0,0,42,1,2,2,1,1,1,1,1,1,1,0,2,25.05,949.85
1,0,1,1,52,1,2,1,0,0,2,2,0,2,2,1,0,96.25,4990.25
1,0,0,0,3,1,0,0,0,0,0,0,2,0,0,0,1,53.4,188.7
0,1,1,0,70,1,2,1,0,2,0,2,2,2,1,1,0,105.55,7195.35
1,0,1,0,65,1,2,1,0,2,0,0,2,0,0,1,0,91.85,5940.85
0,1,1,0,72,1,2,2,1,1,1,1,1,1,2,0,0,24.3,1778.7
0,0,1,0,61,1,0,1,2,2,0,2,0,2,1,0,0,93.7,5860.7
0,0,0,0,37,1,0,1,0,2,2,0,0,0,1,0,2,80.05,3019.1
1,1,1,0,36,1,2,1,0,2,0,0,2,2,0,1,2,96.5,3436.1
0,0,1,0,33,1,2,1,0,2,2,0,2,2,0,1,2,104.4,3409.6
0,0,0,0,1,1,2,1,0,0,0,0,2,0,0,1,2,84.6,84.6
0,0,0,0,3,1,0,1,0,0,2,2,0,0,0,0,1,80.1,217.55
1,1,1,0,35,1,2,1,0,0,2,0,2,2,0,1,2,100.8,3437.5
0,0,0,0,2,1,2,1,0,0,0,0,0,0,0,1,2,75.55,166.3
1,0,0,0,1,1,0,2,1,1,1,1,1,1,0,0,3,20.3,20.3
0,0,1,1,72,1,2,1,0,2,2,2,0,2,2,1,0,98.65,7129.45
1,0,0,0,18,1,0,1,0,0,0,2,0,0,0,1,0,75.9,1373.05
0,0,0,0,1,1,0,2,1,1,1,1,1,1,0,1,0,19.25,19.25
0,0,1,1,70,1,0,2,1,1,1,1,1,1,2,0,0,19.8,1378.75
1,1,0,0,11,1,2,1,0,2,2,2,2,2,0,1,2,111.4,1183.05
0,1,0,0,3,1,0,0,0,0,0,0,0,0,0,0,2,45.0,127.1
0,0,1,1,5,1,0,1,0,0,0,0,2,0,0,1,2,80.85,356.1
1,0,0,0,33,0,1,0,0,2,0,0,2,0,1,1,2,39.1,1309.0
1,0,0,0,32,1,2,1,0,0,0,0,0,2,0,1,0,85.65,2664.3
0,0,1,1,48,1,0,2,1,1,1,1,1,1,2,0,0,20.2,1027.25
0,0,0,0,1,1,0,1,0,0,0,0,2,0,0,0,2,78.05,78.05
0,0,0,1,18,1,2,0,2,0,0,0,0,2,0,0,2,64.8,1166.7
0,0,1,0,26,1,2,2,1,1,1,1,1,1,1,0,3,26.0,684.05
0,1,1,1,56,1,0,0,2,0,0,2,2,2,2,1,1,72.6,4084.35
1,1,0,0,35,1,0,0,0,0,2,2,2,2,1,1,2,73.0,2471.25
1,1,1,0,20,1,2,1,0,2,0,2,2,2,0,0,2,107.05,2172.05
0,0,1,1,58,1,2,2,1,1,1,1,1,1,1,1,1,24.5,1497.9
0,0,1,1,33,1,2,2,1,1,1,1,1,1,2,1,3,24.5,740.3
1,0,1,1,6,1,0,1,0,2,0,0,0,2,0,1,1,83.55,477.55
0,1,0,0,4,1,0,1,0,0,0,0,2,0,0,1,2,78.85,292.8
0,0,0,1,48,1,0,1,0,2,2,2,2,0,2,1,3,95.5,4627.85
1,0,0,0,63,1,0,2,1,1,1,1,1,1,1,0,3,20.5,1328.15
0,0,0,0,13,1,2,1,0,0,0,0,0,2,0,1,2,85.95,1215.65
0,0,1,1,72,0,1,0,0,2,2,2,2,2,2,1,2,60.0,4264.0
1,0,0,0,18,1,2,1,0,0,2,0,2,0,1,1,1,89.6,1633.0
0,0,1,0,32,1,0,2,1,1,1,1,1,1,1,0,3,19.3,593.2
1,0,0,1,5,1,0,0,0,0,0,2,0,0,0,1,0,48.65,235.2
0,0,1,1,23,1,0,1,0,0,2,0,0,0,0,1,1,75.3,1702.9
1,0,0,0,15,1,2,1,0,0,0,0,0,0,0,1,3,76.0,1130.85
0,0,1,0,57,1,2,1,2,0,0,0,2,2,0,1,2,99.65,5497.05
1,0,1,1,29,1,0,1,0,0,0,0,0,0,0,1,2,70.75,1974.8
1,0,0,0,20,1,0,0,2,0,2,0,0,2,0,0,1,64.4,1398.6
1,1,0,0,3,1,2,1,0,0,0,0,0,0,0,1,2,76.05,231.8
0,0,1,0,42,1,0,1,0,0,2,2,2,2,2,1,1,99.0,4135.0
1,0,1,0,36,1,0,1,2,0,0,0,2,2,0,1,2,93.6,3366.05
1,0,0,1,48,1,2,0,2,0,2,0,2,2,1,1,1,78.75,3682.45
0,0,1,0,70,1,2,1,0,2,2,2,2,2,2,1,2,110.5,7752.05
0,0,0,0,3,0,1,0,2,0,0,2,0,0,0,0,3,34.25,139.35
1,0,0,0,20,1,2,1,0,0,0,0,2,0,0,1,2,85.25,1734.5
0,1,0,0,1,1,0,1,0,0,2,0,0,2,0,1,2,85.0,85.0
0,0,0,0,7,1,0,1,0,0,0,0,0,2,0,1,2,79.3,523.15
1,0,1,1,72,1,2,1,2,2,2,0,2,2,2,1,0,110.3,7966.9
1,0,1,0,30,1,2,0,0,0,0,0,0,0,0,0,2,49.9,1441.95
0,1,1,0,54,1,2,1,2,2,2,2,2,2,1,1,0,115.6,6431.05
0,0,1,1,48,1,0,2,1,1,1,1,1,1,2,0,3,19.55,883.35
0,0,0,0,21,1,2,1,0,0,0,0,2,2,0,1,2,97.35,2119.5
1,0,1,0,70,1,0,1,2,2,0,2,0,0,2,0,0,84.6,5706.2
1,1,1,0,38,1,2,1,0,2,2,0,2,2,0,1,2,102.6,4009.2
0,0,0,0,8,1,0,0,0,0,2,2,0,2,0,0,3,64.1,504.05
1,0,0,0,4,1,2,0,0,0,0,0,0,0,0,0,3,50.4,206.6
1,0,1,1,63,1,2,0,2,2,2,0,2,2,2,0,1,83.5,5435.0
0,0,1,1,47,0,1,0,2,2,2,0,2,2,2,1,1,60.0,2768.65
1,0,1,0,72,1,0,2,1,1,1,1,1,1,2,0,0,20.7,1492.1
1,0,0,0,39,1,0,1,0,0,2,2,0,0,1,0,2,81.9,3219.75
0,1,0,0,39,1,2,1,0,0,2,0,2,2,0,1,2,99.75,4036.0
1,0,1,1,68,0,1,0,2,2,2,2,0,2,2,1,3,56.4,3948.45
0,0,0,0,1,1,0,1,0,0,0,0,0,0,0,1,3,70.8,70.8
1,1,1,0,33,1,0,1,2,2,0,2,0,2,1,1,2,93.55,3055.5
0,0,1,0,2,1,0,1,0,0,0,0,0,0,0,1,2,70.35,120.25
0,1,1,0,44,1,2,1,0,0,2,2,2,2,0,0,2,104.15,4495.65
0,0,1,1,10,1,0,1,0,0,0,0,2,2,0,1,2,88.85,929.45
0,0,0,1,62,1,2,1,0,0,2,0,2,2,1,1,2,100.15,6413.65
0,0,0,0,12,1,2,1,2,2,2,0,0,2,0,1,0,99.7,1238.45
0,0,0,0,50,1,0,2,1,1,1,1,1,1,1,1,3,19.35,1033.0
0,0,1,0,72,1,2,2,1,1,1,1,1,1,2,0,2,24.55,1750.7
0,0,1,1,10,1,2,1,0,2,2,0,2,2,0,1,1,102.1,1068.85
1,0,0,0,48,1,0,2,1,1,1,1,1,1,1,0,0,19.95,1004.5
0,0,1,0,15,1,0,1,0,2,0,0,0,0,0,0,0,75.35,1114.55
1,0,0,0,58,1,2,1,0,0,0,2,0,0,0,0,0,80.65,4807.35
0,0,0,0,1,0,1,0,0,0,0,0,0,0,0,0,2,25.25,25.25
0,0,0,0,12,1,0,2,1,1,1,1,1,1,0,0,3,19.7,220.35
1,0,1,0,12,1,0,1,2,0,0,2,0,0,0,0,0,80.85,866.45
1,0,0,0,65,1,2,0,0,2,2,2,0,2,2,1,1,74.2,4805.65
1,0,0,0,7,1,2,2,1,1,1,1,1,1,0,1,0,25.05,152.95
1,1,0,0,2,0,1,0,0,0,0,0,0,0,0,1,3,24.45,47.5
1,0,0,0,20,1,0,1,0,0,0,0,2,0,0,0,2,78.8,1641.3
1,1,1,0,65,1,2,1,2,2,0,0,2,0,2,1,1,92.7,5968.4
1,1,1,0,45,1,2,0,2,0,2,2,0,2,2,0,1,75.15,3480.35
1,0,1,1,12,1,0,0,0,0,0,0,2,0,0,1,3,56.3,628.65
0,1,1,0,6,1,2,1,0,0,0,0,0,2,0,1,2,84.35,474.9
1,1,0,0,47,1,0,1,2,0,0,0,0,2,0,0,3,85.5,4042.3
0,0,1,1,8,1,0,2,1,1,1,1,1,1,2,0,3,19.5,162.15
0,0,1,0,57,0,1,0,2,0,2,2,0,2,0,1,0,49.9,2782.4
1,0,0,0,2,1,0,2,1,1,1,1,1,1,0,0,3,20.35,33.2
1,0,0,0,14,1,2,2,1,1,1,1,1,1,1,1,1,24.8,321.7
1,0,0,0,1,1,0,1,0,0,0,0,2,0,0,1,2,79.95,79.95
0,0,1,0,37,1,2,1,2,0,2,2,0,2,1,1,2,99.2,3754.6
1,0,0,0,14,1,2,1,0,0,0,2,2,0,0,1,2,89.95,1178.4
1,0,0,0,59,1,0,0,0,0,2,0,0,2,1,1,0,61.35,3645.5
0,0,1,1,72,1,0,2,1,1,1,1,1,1,2,0,1,19.7,1379.8
0,0,0,0,8,1,0,2,1,1,1,1,1,1,0,0,3,19.2,156.85
0,0,0,0,1,1,2,1,0,0,0,0,0,2,0,0,3,85.8,85.8
1,0,0,0,5,1,0,2,1,1,1,1,1,1,0,0,3,20.25,109.8
1,0,0,0,58,1,2,2,1,1,1,1,1,1,2,1,1,25.3,1474.35
0,0,0,0,10,1,2,1,0,0,0,2,2,2,0,1,2,98.5,1058.25
0,0,1,1,36,1,0,2,1,1,1,1,1,1,2,0,0,20.25,717.95
1,1,1,0,7,0,1,0,2,0,0,0,0,0,0,0,0,29.8,220.45
0,0,0,1,11,0,1,0,2,0,0,2,0,0,1,1,3,36.05,402.6
0,0,0,0,3,0,1,0,0,2,0,0,0,0,0,0,3,29.2,98.5
1,0,0,0,4,1,0,2,1,1,1,1,1,1,0,0,3,19.75,78.3
0,0,1,1,15,1,0,0,0,0,0,0,0,0,0,0,2,46.3,639.45
0,0,1,1,2,1,0,1,0,0,0,0,0,0,0,0,2,70.4,147.15
1,0,1,1,28,1,0,1,0,2,2,0,2,2,1,0,0,100.35,2799.0
0,0,0,0,33,1,2,1,2,0,0,0,0,2,0,1,2,90.65,2989.6
1,1,1,1,72,1,0,1,2,0,2,2,2,2,2,1,1,104.1,7447.7
0,0,1,0,12,1,0,0,2,0,0,2,0,0,0,0,0,54.2,690.5
0,1,1,0,27,1,0,1,2,0,0,0,0,0,0,1,0,75.2,1929.35
1,1,1,0,32,1,2,1,0,0,0,0,0,2,0,1,2,85.0,2642.05
0,0,0,0,1,1,0,1,0,0,0,0,0,0,0,0,2,70.1,70.1
1,1,0,0,68,1,0,2,1,1,1,1,1,1,2,1,1,20.0,1396.0
0,1,1,1,72,1,2,0,2,2,2,2,2,2,2,1,0,90.15,6716.45
1,0,0,0,35,1,0,1,0,2,2,0,2,2,1,1,0,102.35,3626.1
1,0,1,0,72,1,2,0,2,2,2,2,0,0,2,0,3,68.15,4808.7
1,0,0,1,56,1,0,2,1,1,1,1,1,1,1,1,3,21.2,1238.65
0,0,0,0,2,0,1,0,0,0,0,2,0,0,0,1,2,30.9,59.05
0,0,0,0,3,1,0,1,0,0,0,0,2,0,0,1,2,79.4,244.65
0,0,0,0,64,1,2,2,1,1,1,1,1,1,1,1,0,24.4,1601.2
1,0,1,0,70,0,1,0,2,0,2,2,0,0,2,1,1,39.15,2692.75
0,0,1,0,63,1,2,1,0,2,2,0,2,2,1,1,2,107.5,6873.75
0,0,0,0,51,1,0,2,1,1,1,1,1,1,1,1,0,19.85,996.95
1,0,1,1,13,1,0,0,2,0,0,0,0,0,0,1,3,49.95,587.45
0,0,0,0,13,1,0,0,2,2,0,2,0,2,0,0,0,67.8,842.25
0,1,0,0,3,1,2,1,0,2,0,0,0,0,0,1,2,79.4,205.05
0,0,1,0,71,1,2,1,0,2,2,2,2,2,2,0,2,109.25,7707.7
0,0,1,0,49,1,0,2,1,1,1,1,1,1,1,1,0,20.05,923.1
0,0,0,0,1,1,0,2,1,1,1,1,1,1,0,0,3,20.4,20.4
0,0,0,0,2,1,0,2,1,1,1,1,1,1,0,1,3,20.55,33.6
1,1,0,0,1,1,2,1,0,0,0,0,0,0,0,1,2,74.4,74.4
0,0,0,0,10,0,1,0,0,0,0,2,0,0,2,1,3,29.6,299.05
1,0,0,0,2,1,2,1,0,0,0,0,0,0,0,1,2,76.5,162.45
1,0,0,0,36,1,0,2,1,1,1,1,1,1,2,1,1,18.55,689.0
1,0,1,0,24,1,0,2,1,1,1,1,1,1,1,0,3,20.1,533.9
0,0,0,0,13,1,2,1,0,0,0,0,0,2,0,1,2,84.6,1115.2
0,0,0,0,2,1,0,1,0,0,0,0,2,0,0,1,3,79.65,152.7
0,1,0,0,49,1,2,1,0,0,2,0,0,2,0,1,1,90.85,4515.85
1,0,1,0,38,0,1,0,2,2,0,2,2,2,2,1,0,60.0,2193.2
1,0,0,1,66,1,0,2,1,1,1,1,1,1,2,0,3,20.55,1357.1
1,1,1,0,7,1,2,1,0,0,0,0,0,0,0,1,2,74.85,485.25
0,0,0,0,14,1,0,1,0,0,2,0,0,0,0,0,2,75.35,1025.95
0,0,1,1,11,1,2,2,1,1,1,1,1,1,2,0,3,25.0,300.7
0,0,0,0,1,1,0,0,0,0,0,0,2,0,0,1,2,54.65,54.65
0,0,0,1,48,1,0,2,1,1,1,1,1,1,1,0,3,19.95,936.7
0,0,0,0,13,1,0,2,1,1,1,1,1,1,2,1,3,20.4,261.3
0,0,1,0,33,1,0,1,2,0,2,2,2,2,1,1,2,103.75,3361.05
0,0,1,0,28,1,2,2,1,1,1,1,1,1,1,0,3,25.55,672.2
0,0,1,0,21,1,2,1,2,0,2,0,2,2,0,1,0,104.4,2200.25
1,1,1,1,32,1,0,1,0,2,0,0,2,2,0,1,3,93.95,2861.45
0,0,0,0,14,1,0,0,0,0,0,2,2,2,0,1,2,69.65,921.4
1,0,1,1,1,1,0,2,1,1,1,1,1,1,1,0,3,20.4,20.4
0,0,1,1,11,0,1,0,2,0,0,0,2,2,0,0,2,50.55,565.35
0,0,1,1,44,1,0,0,2,0,0,2,0,0,0,0,0,56.25,2419.55
0,0,1,1,3,0,1,0,0,2,0,0,0,2,0,0,3,40.3,92.5
0,0,0,0,1,1,0,0,0,0,0,0,0,0,0,0,2,43.8,43.8
1,0,0,0,36,1,0,2,1,1,1,1,1,1,1,1,1,20.35,695.85
1,0,0,0,40,0,1,0,0,2,0,2,0,0,1,0,1,36.0,1382.9
0,0,1,1,43,0,1,0,2,0,2,2,2,2,1,1,1,60.4,2640.55
1,0,0,1,8,0,1,0,0,0,0,0,0,0,0,0,3,25.5,215.2
1,0,1,1,68,1,2,2,1,1,1,1,1,1,2,0,3,25.75,1686.15
1,0,0,0,29,1,0,0,0,0,2,2,2,2,1,1,0,75.35,2243.9
1,1,0,0,3,1,2,1,0,0,2,0,2,0,0,0,2,91.05,289.1
0,0,1,1,13,1,0,2,1,1,1,1,1,1,2,0,3,19.55,265.3
0,0,1,1,26,1,2,0,0,2,0,2,0,0,0,1,2,60.05,1616.15
1,0,1,0,57,0,1,0,0,2,2,2,2,2,2,1,0,57.5,3265.95
1,0,0,0,4,1,0,1,0,0,2,0,0,2,0,0,2,86.05,308.1
0,0,1,1,69,1,0,2,1,1,1,1,1,1,2,0,1,19.8,1436.95
1,1,0,0,64,1,2,1,2,2,0,0,2,2,0,1,0,103.5,6548.65
1,1,0,0,11,1,0,1,0,0,0,0,0,2,0,1,1,79.15,827.7
1,0,1,1,7,1,0,0,2,0,0,0,2,2,0,0,1,69.7,516.15
0,1,0,0,45,1,2,1,0,0,2,0,2,2,1,1,0,102.15,4735.35
0,0,1,1,67,1,2,0,0,0,2,2,0,2,2,1,0,69.9,4615.9
1,0,1,0,49,1,2,1,0,2,0,0,2,2,0,1,0,99.05,4853.75
1,0,1,0,67,1,2,2,1,1,1,1,1,1,2,0,1,24.85,1583.5
1,0,0,0,45,1,0,2,1,1,1,1,1,1,1,0,0,18.85,867.3
0,0,0,0,54,1,2,1,0,0,2,2,0,2,2,1,0,95.1,5064.85
0,0,1,1,51,1,0,1,2,2,0,0,0,0,0,1,0,79.15,4018.55
1,0,0,1,60,1,2,0,2,0,2,2,2,2,2,1,2,84.95,4984.85
1,0,0,0,20,1,2,1,0,0,2,0,2,0,0,1,2,88.7,1761.45
0,0,1,0,72,1,2,1,2,2,2,0,2,0,2,0,0,100.65,7334.05
0,0,0,0,25,1,0,2,1,1,1,1,1,1,2,0,1,19.8,475.2
0,0,0,0,1,1,0,1,0,0,0,0,0,0,0,1,2,69.2,69.2
1,0,1,1,8,1,0,0,0,0,2,0,0,0,0,1,2,51.05,415.05
1,0,0,0,26,1,2,1,0,0,2,2,0,0,0,1,3,84.3,2281.6
1,0,1,0,53,1,2,0,2,0,2,2,2,0,1,0,0,77.4,4155.95
1,0,1,1,66,1,0,1,2,2,2,0,2,2,1,1,0,103.15,7031.3
1,0,1,0,25,1,0,1,0,0,0,2,2,2,0,1,1,95.7,2338.35
0,0,1,1,24,1,2,0,2,2,2,0,0,0,2,0,2,64.35,1558.65
0,0,0,0,5,1,2,1,0,0,0,0,2,2,0,1,3,93.9,486.85
1,1,1,0,1,1,0,1,0,0,0,0,0,0,0,1,2,70.3,70.3
0,1,1,0,65,1,0,1,2,2,2,0,0,2,0,0,2,94.4,6126.15
1,0,0,0,9,1,2,0,0,0,0,0,0,2,0,0,3,59.9,542.4
0,0,1,0,10,1,0,2,1,1,1,1,1,1,0,1,3,20.55,252.75
1,0,0,0,59,0,1,0,0,0,0,2,2,2,0,1,2,51.7,3005.8
1,0,1,0,65,1,2,0,2,0,2,2,0,2,2,0,0,76.15,4929.55
0,0,0,0,40,1,0,2,1,1,1,1,1,1,2,0,3,20.15,804.85
1,0,1,1,20,1,0,1,0,0,0,0,0,0,0,1,2,70.45,1470.95
1,0,0,0,42,1,0,2,1,1,1,1,1,1,1,0,0,19.8,849.9
1,0,0,0,1,1,0,2,1,1,1,1,1,1,0,0,0,20.2,20.2
0,0,1,1,6,1,0,2,1,1,1,1,1,1,2,0,3,20.1,100.35
0,0,1,0,38,1,0,2,1,1,1,1,1,1,1,1,1,20.25,814.75
1,0,0,0,2,1,2,0,0,0,0,0,0,2,0,0,0,62.05,118.3
1,1,1,0,37,1,2,1,0,0,0,0,2,2,0,1,2,92.5,3473.4
1,0,0,0,44,1,0,2,1,1,1,1,1,1,2,0,1,20.4,905.55
0,0,0,0,10,1,0,1,2,0,0,0,2,0,0,1,3,84.7,832.05
0,0,1,0,72,1,2,0,2,2,2,2,2,2,2,0,0,88.05,6520.8
0,0,1,1,29,1,0,1,0,0,0,0,2,2,0,1,1,87.8,2621.75
1,0,1,0,24,1,2,1,0,0,2,0,2,2,0,1,2,101.05,2391.8
1,1,0,0,4,0,1,0,0,2,0,0,2,2,0,1,1,50.95,207.35
1,0,0,0,33,1,0,1,0,2,2,0,0,0,0,1,1,79.0,2576.8
1,1,1,0,2,1,0,1,0,0,2,0,2,2,0,1,1,95.5,181.65
1,0,1,1,72,1,2,1,0,2,2,2,2,2,2,1,0,112.25,8041.65
1,0,1,1,67,1,0,0,2,0,2,2,0,2,2,0,3,67.85,4627.65
0,0,0,0,65,1,2,1,0,2,2,0,2,0,1,1,2,95.5,6153.85
1,0,0,1,8,1,0,2,1,1,1,1,1,1,0,0,0,19.45,159.2
0,0,1,0,53,1,0,1,2,2,2,0,2,2,1,1,0,106.1,5769.75
1,0,0,0,2,1,0,2,1,1,1,1,1,1,0,0,3,20.05,42.7
0,0,1,0,58,1,2,1,2,2,0,2,2,2,2,1,1,109.1,6393.65
0,0,0,0,16,1,0,2,1,1,1,1,1,1,1,0,3,20.1,296.15
1,0,0,0,56,1,2,2,1,1,1,1,1,1,2,1,0,25.95,1444.05
1,0,0,0,68,1,2,2,1,1,1,1,1,1,2,0,3,24.55,1657.4
0,0,0,1,24,1,0,2,1,1,1,1,1,1,2,0,3,19.75,498.1
0,0,1,1,47,1,0,2,1,1,1,1,1,1,2,0,3,19.75,948.9
1,0,0,0,1,1,2,1,2,0,0,0,0,0,0,1,2,81.7,81.7
0,0,1,1,71,0,1,0,2,2,0,2,2,2,2,0,3,58.65,4145.25
1,0,0,0,51,1,2,1,2,2,0,0,2,0,1,1,2,94.8,4837.6
1,0,1,0,58,1,0,0,0,0,2,0,0,0,1,0,1,50.3,2878.55
0,0,0,0,10,1,0,0,0,2,0,0,0,0,0,0,2,51.2,498.25
0,1,1,0,28,1,2,2,1,1,1,1,1,1,0,0,3,25.7,734.6
1,0,0,0,1,1,0,2,1,1,1,1,1,1,0,0,3,20.15,20.15
1,0,0,1,60,1,0,2,1,1,1,1,1,1,2,0,3,19.95,1189.9
0,0,1,1,4,1,2,0,0,0,0,0,0,0,0,0,3,50.85,239.55
1,0,0,0,22,1,2,1,0,2,0,0,2,2,0,1,2,100.65,2415.95
1,0,0,0,10,1,0,0,0,0,0,0,0,0,0,1,1,45.8,436.2
1,0,1,0,56,1,0,1,0,0,0,0,2,2,0,0,3,89.7,4952.95
0,0,0,0,8,1,0,1,0,0,0,0,2,0,0,1,0,80.0,624.6
0,1,0,0,65,1,2,1,0,2,2,0,2,0,0,1,0,95.45,6223.3
0,0,1,1,22,1,0,2,1,1,1,1,1,1,1,0,0,20.75,452.35
1,0,0,0,69,1,2,1,0,2,2,2,2,0,2,1,1,97.65,6743.55
0,0,1,0,63,1,2,1,0,2,2,2,2,2,2,1,0,109.25,6841.4
1,0,0,0,42,1,2,1,0,0,2,0,0,0,0,0,2,79.9,3313.4
0,0,1,1,14,1,0,1,0,0,0,0,0,2,0,1,0,80.9,1152.8
0,0,0,0,11,1,0,1,0,2,2,2,0,2,0,1,2,94.2,999.9
1,0,1,0,68,0,1,0,2,0,2,0,2,2,2,1,0,54.1,3794.5
0,1,1,0,15,1,2,1,0,0,2,2,0,0,0,1,2,83.05,1258.3
0,0,1,0,72,1,2,0,2,2,0,2,0,0,2,0,0,64.75,4804.75
1,0,1,1,27,1,2,1,2,2,0,2,2,0,0,0,2,100.75,2793.55
1,0,0,1,1,1,0,2,1,1,1,1,1,1,0,0,3,20.75,20.75
0,0,0,0,36,1,0,1,0,2,0,0,2,2,0,1,1,94.8,3565.65
1,1,1,0,27,0,1,0,2,0,0,0,0,0,0,0,1,30.75,805.1
1,0,1,0,61,1,2,1,0,2,2,0,2,2,0,1,2,105.55,6281.45
1,0,1,1,2,1,0,1,2,0,0,0,2,2,0,0,2,97.1,184.15
1,0,0,1,35,1,0,1,0,0,2,0,2,0,1,1,2,85.15,3030.6
0,0,0,1,37,1,0,2,1,1,1,1,1,1,1,0,0,20.3,755.4
1,0,1,1,61,1,0,2,1,1,1,1,1,1,2,0,1,20.55,1305.95
0,0,0,0,12,1,0,2,1,1,1,1,1,1,1,0,2,20.15,260.7
0,0,0,0,62,1,2,1,0,0,0,0,2,2,1,1,0,94.0,5757.2
0,0,0,0,4,1,2,0,0,0,0,0,0,0,0,0,2,50.7,214.55
0,0,1,1,68,1,2,1,2,0,2,2,2,2,2,1,0,109.05,7508.55
0,0,1,0,55,1,0,2,1,1,1,1,1,1,1,0,2,19.7,1140.05
0,0,0,0,37,0,1,0,0,0,2,0,0,2,0,1,1,40.2,1478.85
0,0,0,0,56,1,2,1,2,2,0,0,2,2,0,1,1,106.6,5893.95
0,0,1,0,44,1,2,1,0,0,0,0,2,2,0,1,2,96.1,4364.1
0,0,0,0,20,1,0,2,1,1,1,1,1,1,0,1,0,19.5,413.0
1,0,1,0,52,0,1,0,2,0,0,0,0,2,0,1,2,39.9,2020.9
1,0,1,0,6,1,2,2,1,1,1,1,1,1,1,0,3,25.1,171.0
1,1,1,0,54,1,2,1,0,2,2,2,2,2,2,1,2,110.45,6077.75
1,0,1,1,8,1,2,0,2,2,0,2,0,2,2,1,1,76.15,645.8
0,1,1,1,32,1,2,1,0,2,0,0,2,2,0,1,2,100.4,3217.65
0,0,1,0,60,1,2,1,0,2,0,0,2,2,0,1,2,99.8,5985.75
1,1,0,0,1,1,0,0,0,0,0,0,0,0,0,0,2,45.1,45.1
0,0,0,0,10,1,2,1,0,0,0,0,0,0,0,1,2,74.75,799.65
0,0,1,1,56,1,2,1,0,0,2,0,2,2,1,1,1,99.8,5515.45
1,0,0,0,16,1,0,2,1,1,1,1,1,1,0,0,0,20.25,327.45
1,0,1,0,33,1,0,0,2,2,0,2,0,0,2,1,3,61.05,2018.4
1,0,0,0,1,1,0,2,1,1,1,1,1,1,0,0,3,18.9,18.9
1,0,0,0,11,1,0,2,1,1,1,1,1,1,0,0,3,20.25,208.0
0,1,0,0,1,1,0,1,0,0,0,0,2,0,0,1,2,79.2,79.2
1,0,0,0,72,1,2,0,2,0,2,2,2,2,2,0,1,84.3,5997.1
1,0,1,1,26,1,0,0,0,0,2,0,0,0,1,0,3,50.35,1285.8
0,0,1,1,7,1,0,2,1,1,1,1,1,1,1,0,3,20.65,134.05
0,1,0,0,5,0,1,0,0,0,0,0,2,2,0,0,2,45.7,198.0
1,0,0,0,22,1,2,1,0,0,0,0,0,2,0,0,2,83.05,1799.3
1,0,1,1,72,1,2,2,1,1,1,1,1,1,2,1,0,25.2,1798.9
1,1,1,0,49,1,2,1,2,2,2,0,0,0,0,1,2,88.2,4159.45
0,0,1,1,34,1,2,2,1,1,1,1,1,1,1,1,1,25.6,917.15
1,0,1,1,15,1,0,2,1,1,1,1,1,1,2,0,3,19.35,278.85
1,0,0,0,30,1,0,2,1,1,1,1,1,1,1,0,3,19.7,625.05
1,0,1,1,1,1,0,0,0,0,0,0,0,0,0,0,2,44.55,44.55
1,0,0,0,4,1,0,2,1,1,1,1,1,1,0,0,3,19.0,78.9
1,0,0,0,40,1,0,0,2,0,2,0,0,2,0,0,2,67.45,2731.0
0,0,1,1,62,0,1,0,2,2,0,2,2,0,2,0,0,48.7,3008.55
1,0,0,0,1,0,1,0,0,0,0,0,0,0,0,1,2,25.15,25.15
0,1,0,0,23,1,0,1,2,0,0,0,0,0,0,1,0,75.4,1643.55
0,0,1,1,36,0,1,0,2,0,2,2,0,0,2,0,1,40.65,1547.35
1,0,1,1,28,1,0,1,0,2,2,2,2,0,1,0,0,92.9,2768.35
0,0,0,1,12,1,2,1,0,0,0,0,0,0,0,1,2,76.6,893.0
1,0,1,1,69,1,0,1,0,0,0,2,2,2,2,1,1,95.2,6671.7
1,0,1,1,18,0,1,0,0,0,0,0,0,0,0,0,1,25.55,467.85
1,0,0,0,31,1,0,0,0,0,2,2,0,0,0,1,2,55.25,1715.65
0,1,0,0,43,1,2,1,0,2,0,0,2,0,0,1,2,90.25,3838.75
1,0,1,1,58,1,2,1,0,0,0,0,2,0,2,0,0,82.5,4828.05
1,0,0,1,53,1,0,2,1,1,1,1,1,1,2,0,0,19.75,1052.35
0,0,0,0,1,1,2,0,0,0,0,0,0,0,0,1,3,50.1,50.1
0,0,0,0,25,1,0,2,1,1,1,1,1,1,0,1,1,19.2,532.1
0,0,0,1,25,1,0,0,0,2,0,2,0,0,1,1,1,54.75,1266.35
0,0,0,0,72,1,2,0,2,2,0,0,0,0,2,0,0,59.75,4265.0
1,0,0,0,5,0,1,0,2,2,2,2,0,0,0,1,3,43.25,219.0
0,1,1,0,32,1,2,1,0,0,0,0,2,2,0,1,2,93.2,2931.0
1,0,0,0,36,1,2,1,0,0,0,0,0,2,0,1,2,84.9,3067.2
1,0,1,1,44,1,2,2,1,1,1,1,1,1,1,0,3,25.7,1110.5
0,0,0,0,68,0,1,0,2,2,2,2,2,2,2,0,1,64.35,4539.6
1,0,0,0,29,0,1,0,0,2,0,2,0,0,0,0,2,34.3,1004.75
0,0,0,0,7,1,2,1,0,0,0,0,0,0,0,1,2,74.9,541.15
0,0,0,0,17,1,2,0,0,0,2,2,2,0,0,1,3,69.0,1108.0
0,0,0,0,4,1,0,1,2,0,2,2,0,2,0,1,0,94.4,387.2
1,0,0,0,1,1,0,2,1,1,1,1,1,1,0,1,3,19.5,19.5
0,0,1,0,72,1,2,2,1,1,1,1,1,1,2,0,1,25.0,1849.2
1,0,0,0,1,1,0,0,0,0,0,0,0,0,0,0,2,44.0,44.0
0,0,0,0,34,1,0,1,0,0,0,0,0,0,0,1,1,70.0,2416.1
1,0,0,0,2,1,0,0,0,0,0,0,0,0,0,1,2,45.15,98.5
0,0,1,1,62,1,2,1,2,0,0,0,2,2,2,1,0,101.15,6638.35
1,1,1,1,46,1,2,1,2,2,2,0,2,0,0,1,2,100.7,4541.2
1,0,0,0,19,1,0,2,1,1,1,1,1,1,1,0,3,18.8,279.2
0,0,0,0,1,1,0,2,1,1,1,1,1,1,0,0,1,19.8,19.8
1,0,1,1,72,1,2,2,1,1,1,1,1,1,2,0,1,24.1,1734.65
0,0,0,0,6,1,0,1,0,2,0,0,0,2,0,1,3,85.95,514.6
0,0,1,1,5,1,0,1,0,2,0,2,2,2,0,1,3,99.15,465.05
1,0,1,1,1,1,0,1,0,0,0,0,0,2,0,1,2,81.05,81.05
1,0,1,1,72,1,2,1,2,2,2,2,2,2,2,1,1,112.6,8126.65
1,0,0,0,66,1,2,1,2,2,2,2,2,2,1,1,0,114.3,7383.7
0,0,1,0,43,1,2,0,2,2,0,2,2,2,2,0,1,86.45,3574.5
0,0,1,0,35,1,0,0,2,0,0,0,2,0,1,1,0,62.15,2215.45
0,1,0,0,63,1,2,0,2,2,2,2,2,0,1,0,0,83.0,5243.05
1,0,0,1,8,1,0,2,1,1,1,1,1,1,0,0,3,20.35,178.7
1,0,1,1,13,1,0,1,0,0,2,0,2,2,0,1,3,96.65,1162.85
1,0,0,0,24,1,0,1,0,0,0,2,2,2,0,1,2,96.0,2122.45
1,0,0,0,54,0,1,0,2,2,0,0,0,2,2,0,0,46.2,2431.95
1,0,0,0,3,1,0,0,2,0,2,0,2,2,0,1,2,77.4,206.15
0,0,0,0,12,1,0,0,0,2,0,2,0,0,0,1,2,54.3,654.5
0,1,1,0,62,1,2,1,2,0,2,0,2,2,1,1,2,104.85,6312.9
1,0,1,0,61,1,2,2,1,1,1,1,1,1,2,0,0,25.45,1538.6
1,0,0,0,6,1,0,2,1,1,1,1,1,1,0,0,0,20.15,130.5
0,0,1,1,30,1,0,1,0,0,2,0,0,2,1,0,2,86.45,2538.05
0,1,0,0,51,1,0,2,1,1,1,1,1,1,2,0,1,19.6,967.9
0,0,1,1,8,1,0,0,0,0,0,0,0,0,0,1,2,45.45,411.75
0,0,1,1,69,1,2,1,0,2,2,2,2,2,1,1,0,108.75,7493.05
0,0,1,0,69,1,0,1,2,2,0,2,2,2,1,1,1,106.4,7251.9
1,0,0,0,1,0,1,0,0,0,0,0,2,2,0,1,3,45.3,45.3
1,1,1,0,69,1,2,1,0,2,2,2,2,2,2,1,0,108.4,7318.2
0,0,0,0,13,1,0,1,0,2,2,0,0,0,0,1,2,79.25,1111.65
0,1,1,0,62,1,0,0,2,0,2,2,2,2,2,1,1,79.95,4819.75
1,1,0,0,10,1,0,1,0,2,0,0,0,0,0,1,2,72.85,688.65
0,0,1,0,72,1,2,1,2,0,2,2,2,2,2,1,1,110.15,7881.2
0,0,1,0,43,1,2,1,2,2,0,0,0,2,0,1,2,94.1,4107.3
0,0,0,0,18,1,2,1,0,0,0,2,0,2,0,1,2,90.1,1612.75
1,0,0,0,2,1,2,0,0,2,0,0,0,0,0,1,3,54.4,114.1
1,0,1,0,41,1,0,2,1,1,1,1,1,1,2,1,2,19.75,899.45
1,0,1,0,72,1,2,1,2,2,2,2,2,2,1,1,0,117.8,8684.8
1,0,0,1,7,1,0,2,1,1,1,1,1,1,1,0,3,19.45,136.75
1,0,0,0,37,1,2,0,2,2,2,2,0,0,1,0,2,67.45,2443.3
0,0,0,0,4,0,1,0,0,0,0,0,0,0,0,1,3,24.25,96.05
1,0,0,0,69,1,0,2,1,1,1,1,1,1,2,1,3,19.1,1268.85
1,0,0,0,62,0,1,0,2,2,2,2,0,0,2,1,0,43.7,2618.3
0,1,1,0,3,0,1,0,0,2,0,0,0,0,0,1,2,30.75,82.85
1,0,1,0,30,1,0,0,0,0,2,0,0,0,0,1,3,50.0,1474.9
1,0,1,0,42,1,2,0,2,0,0,0,0,0,1,0,1,56.1,2386.85
0,1,1,1,32,1,2,1,0,0,2,0,2,0,0,1,3,91.35,2896.55
0,0,1,0,11,1,2,1,0,0,2,0,2,2,0,1,2,99.5,1056.95
1,0,0,0,12,1,0,2,1,1,1,1,1,1,1,0,1,20.05,267.0
1,0,0,0,26,1,0,1,0,2,2,2,0,0,1,1,2,85.2,2184.6
1,0,1,1,58,0,1,0,2,2,2,0,2,0,1,0,3,50.0,2919.85
0,0,1,0,21,1,0,1,0,0,0,2,2,0,0,1,2,86.05,1818.9
0,0,0,1,34,1,2,1,2,2,2,2,2,2,2,1,1,116.15,3946.9
1,0,0,0,16,1,0,1,0,0,0,0,0,0,0,1,1,69.95,1205.5
0,0,0,0,40,1,2,1,0,0,0,0,0,2,0,0,0,83.85,3532.25
1,0,0,1,2,1,0,0,0,0,0,0,0,2,0,1,2,55.3,108.65
0,0,1,0,51,1,0,1,0,0,0,0,0,0,0,0,3,69.15,3649.6
0,0,1,1,31,1,2,0,0,2,0,2,2,2,2,0,0,80.55,2471.6
0,0,1,1,8,1,0,0,0,2,0,2,0,0,0,0,0,56.3,401.5
0,0,1,1,24,1,0,2,1,1,1,1,1,1,2,1,1,21.1,490.65
1,0,1,0,72,1,2,2,1,1,1,1,1,1,2,0,3,25.4,1797.1
1,0,1,1,72,0,1,0,2,0,2,2,2,0,2,0,3,48.9,3527.0
1,0,0,0,29,1,0,2,1,1,1,1,1,1,1,0,3,19.1,529.5
0,0,0,0,1,1,0,2,1,1,1,1,1,1,0,0,1,20.3,20.3
1,0,0,0,1,0,1,0,0,0,0,0,0,0,0,1,2,24.25,24.25
0,0,0,0,19,1,0,2,1,1,1,1,1,1,1,0,1,20.25,383.65
0,0,0,1,2,1,2,1,2,0,0,0,0,0,0,0,1,80.55,188.1
1,0,1,1,34,1,0,2,1,1,1,1,1,1,1,0,1,19.6,678.8
0,1,0,0,6,1,0,1,2,0,0,0,0,0,0,1,2,74.1,450.9
0,0,0,0,14,1,2,0,0,2,0,0,0,0,1,1,3,54.25,773.2
0,0,0,0,13,1,0,1,0,0,0,0,2,0,0,1,3,81.9,1028.9
1,0,0,0,66,1,2,0,2,2,2,2,0,0,2,0,0,68.75,4447.55
1,0,0,0,1,1,2,1,0,0,0,0,0,2,0,1,2,86.6,86.6
0,1,0,0,35,1,2,1,2,2,2,0,2,2,1,1,2,108.35,3726.15
1,0,0,0,24,1,2,1,0,2,0,0,2,0,0,1,1,90.55,2282.55
0,0,0,0,12,0,1,0,2,0,0,2,0,0,1,1,3,33.6,435.45
1,0,1,0,72,1,2,1,2,2,2,2,2,2,2,1,2,115.55,8425.3
0,0,0,0,16,1,0,1,0,2,0,0,0,0,0,0,0,75.1,1212.85
1,0,1,1,71,1,2,1,0,2,2,0,2,2,2,1,0,106.0,7723.7
0,0,1,0,30,1,0,0,0,2,2,2,0,2,1,0,0,70.25,2198.9
1,0,1,1,7,1,0,0,0,0,2,0,0,0,0,0,2,48.7,340.25
0,0,0,0,9,1,0,1,0,0,0,0,0,0,0,0,2,71.0,672.55
0,0,0,0,42,1,2,0,0,0,2,2,2,2,2,1,1,78.45,3373.4
1,1,1,0,58,1,2,1,2,2,2,0,2,2,1,1,2,108.85,6287.25
0,0,0,0,59,1,2,2,1,1,1,1,1,1,2,0,2,24.45,1493.1
0,0,0,0,47,1,0,1,2,0,0,0,0,0,0,0,1,75.45,3545.1
1,0,0,0,51,0,1,0,2,0,0,2,0,2,0,1,1,44.45,2181.55
0,0,0,1,41,1,2,1,0,2,0,0,2,0,0,1,0,88.5,3645.05
1,0,1,1,3,1,0,1,2,2,0,0,2,0,0,0,2,89.85,248.4
1,0,0,1,13,1,0,0,0,0,0,0,0,0,0,0,3,44.0,659.35
1,0,0,0,13,1,0,2,1,1,1,1,1,1,1,0,3,19.45,270.2
0,0,1,1,46,1,0,2,1,1,1,1,1,1,2,0,3,19.4,967.85
1,0,0,0,24,1,2,2,1,1,1,1,1,1,1,0,2,24.6,592.65
1,0,1,0,62,1,2,2,1,1,1,1,1,1,1,1,1,23.75,1446.8
1,0,1,0,13,0,1,0,2,0,0,2,2,2,0,1,2,54.45,706.85
0,0,0,0,2,1,0,2,1,1,1,1,1,1,1,0,3,20.45,34.8
1,0,0,0,8,1,0,0,0,0,0,0,2,2,0,1,2,66.25,546.45
0,0,1,0,2,0,1,0,0,0,0,0,2,2,0,0,2,44.6,97.1
0,0,1,0,55,1,2,0,2,2,2,2,2,2,1,1,2,90.15,4916.95
0,1,1,0,28,1,2,1,0,0,0,2,2,2,0,1,1,101.3,2812.2
0,0,0,0,65,1,0,0,2,2,2,2,2,2,2,1,0,84.85,5459.2
0,0,1,0,53,1,2,0,2,2,2,0,0,2,1,0,0,74.1,3833.95
0,0,0,0,2,1,0,2,1,1,1,1,1,1,0,0,3,19.4,61.05
1,0,0,0,18,1,2,0,2,0,0,0,0,0,0,0,3,56.25,969.85
1,0,0,1,17,1,0,0,0,0,0,0,0,0,1,0,3,44.6,681.4
0,1,0,0,22,1,2,1,0,0,0,0,0,0,0,1,0,74.4,1692.6
1,1,0,0,9,1,2,1,0,2,0,0,2,2,0,1,1,99.45,919.4
0,0,0,1,15,1,0,1,0,2,0,0,0,2,0,1,0,85.9,1269.55
1,0,1,1,48,1,2,2,1,1,1,1,1,1,2,0,0,26.3,1245.05
0,0,0,0,32,1,2,1,0,0,0,0,2,0,1,0,2,84.05,2781.85
1,1,0,0,50,1,2,0,2,2,0,0,2,0,0,1,0,70.35,3454.6
1,0,1,1,4,1,0,2,1,1,1,1,1,1,2,0,1,19.5,96.85
0,0,0,0,1,1,0,0,2,0,0,0,0,0,0,0,0,49.55,49.55
0,0,1,1,32,1,2,1,0,2,0,0,2,2,0,1,2,98.85,3089.6
1,0,1,1,52,1,0,2,1,1,1,1,1,1,1,1,1,20.85,1071.6
1,0,0,0,32,1,0,0,0,0,0,0,2,2,1,1,0,64.85,2010.95
0,0,1,1,32,1,2,0,0,2,2,0,0,0,0,0,0,62.45,2045.55
1,0,0,0,6,1,0,2,1,1,1,1,1,1,1,0,3,19.15,124.4
0,0,0,0,40,1,2,1,0,2,2,0,2,0,0,1,0,93.4,3756.4
0,0,0,0,1,0,1,0,0,0,0,0,0,0,0,1,3,24.9,24.9
1,1,1,0,72,1,0,1,2,2,0,2,0,0,2,1,1,84.8,6141.65
1,0,0,0,17,1,0,2,1,1,1,1,1,1,1,1,3,20.1,279.5
0,1,0,0,49,1,2,1,2,0,0,0,2,2,0,0,1,101.55,5070.4
1,0,0,0,17,1,0,0,2,2,0,0,0,0,1,0,3,56.1,946.95
0,1,1,0,20,1,2,1,0,0,2,0,2,0,0,0,2,90.8,1951.0
0,0,1,0,1,1,0,2,1,1,1,1,1,1,0,1,3,20.65,20.65
1,0,0,0,2,1,0,1,0,2,0,0,0,0,0,0,2,74.95,151.75
0,0,1,1,59,1,2,0,2,2,0,2,0,0,1,0,3,65.5,3801.3
1,0,0,0,27,1,0,1,0,0,0,0,0,0,0,1,3,69.05,1793.25
0,0,1,1,72,1,2,1,2,2,0,0,2,2,1,1,2,104.15,7303.05
1,0,1,0,6,1,2,1,0,0,0,0,0,0,0,1,2,75.5,438.0
0,0,1,1,27,1,0,2,1,1,1,1,1,1,2,0,3,19.9,550.1
1,0,0,0,1,1,2,0,0,0,0,0,0,0,0,1,1,49.8,49.8
1,0,1,0,9,1,0,0,0,0,2,0,2,2,0,1,3,70.05,564.4
0,0,0,0,2,1,0,2,1,1,1,1,1,1,0,0,3,19.5,27.55
1,0,1,1,36,1,0,2,1,1,1,1,1,1,2,0,1,19.45,754.5
1,0,0,0,5,1,0,1,0,0,0,2,2,2,0,1,2,96.1,453.4
0,0,0,0,2,1,0,0,0,0,0,0,0,0,0,1,3,45.25,74.2
1,0,0,0,9,1,0,1,0,0,0,0,0,0,0,0,3,70.05,657.5
1,0,1,1,4,1,0,0,0,0,0,0,0,0,0,0,3,45.25,155.35
1,0,0,1,1,1,0,2,1,1,1,1,1,1,0,1,3,20.25,20.25
1,0,0,0,1,0,1,0,0,0,0,0,0,2,0,0,2,35.9,35.9
0,0,0,0,38,1,2,2,1,1,1,1,1,1,1,1,2,24.25,914.4
0,0,0,0,1,1,0,2,1,1,1,1,1,1,0,1,0,20.2,20.2
1,0,0,0,1,1,0,1,0,0,0,0,0,2,0,0,2,79.9,79.9
0,0,1,1,61,1,2,0,2,2,2,2,0,2,1,1,2,79.4,4820.55
1,0,0,0,6,1,0,2,1,1,1,1,1,1,1,0,3,20.6,116.6
0,0,1,1,52,1,0,2,1,1,1,1,1,1,2,0,0,20.1,1078.75
1,0,1,1,72,0,1,0,2,2,2,0,0,0,2,0,1,38.5,2763.0
0,1,0,0,37,1,2,1,0,0,0,0,2,2,0,1,2,96.55,3580.3
1,0,1,0,71,1,2,1,0,2,2,2,2,2,2,1,1,108.6,7690.9
0,1,0,0,14,0,1,0,0,0,0,0,2,2,0,1,2,46.35,672.7
0,0,0,0,9,1,0,0,0,0,0,0,0,0,0,0,2,45.15,416.45
0,0,1,1,7,0,1,0,2,0,0,2,0,0,0,0,3,34.65,246.6
0,0,0,0,4,1,0,0,0,0,0,0,0,0,0,1,3,46.0,193.6
0,0,1,1,22,1,2,2,1,1,1,1,1,1,2,0,1,25.25,555.4
0,0,0,0,61,1,0,2,1,1,1,1,1,1,1,0,0,19.45,1336.35
1,0,0,0,9,0,1,0,0,0,0,0,2,2,0,1,2,45.4,418.8
1,1,1,0,61,1,2,1,0,2,0,0,0,0,0,1,2,82.15,4904.85
1,0,0,0,3,1,0,1,0,2,2,2,2,2,0,1,2,107.95,318.6
1,1,0,0,71,0,1,0,2,2,0,0,2,2,1,1,2,56.45,3985.35
0,0,1,0,53,1,2,1,0,0,0,2,0,2,1,1,2,91.15,4862.5
0,0,0,0,72,1,2,0,0,2,2,2,2,2,2,0,0,86.6,6350.5
1,0,1,1,56,0,1,0,2,2,0,2,2,0,1,1,3,52.0,2884.9
0,0,1,1,19,1,0,0,0,0,2,0,0,0,0,1,0,49.6,962.9
0,0,1,1,17,1,2,0,0,0,2,2,0,0,1,1,3,61.95,1070.7
1,0,0,0,3,1,0,1,0,2,0,0,0,0,0,0,1,74.45,221.1
1,0,0,0,3,1,0,0,0,0,2,0,0,0,0,1,2,49.15,169.05
1,0,1,1,19,1,0,2,1,1,1,1,1,1,1,0,3,19.8,344.5
1,0,1,0,34,1,2,1,0,0,2,0,2,2,0,0,2,100.85,3527.3
1,0,0,1,9,1,0,0,0,2,0,0,0,0,0,1,2,50.1,484.05
0,0,1,1,60,1,2,1,2,2,0,0,2,0,1,0,0,94.15,5811.8
0,0,0,0,5,0,1,0,0,2,0,0,2,2,0,1,1,50.95,229.4
0,0,0,1,22,1,2,1,0,0,0,0,0,2,0,1,2,84.75,1816.75
1,1,0,0,7,1,2,1,0,0,0,0,0,0,0,0,3,73.75,545.15
1,0,0,1,18,1,2,1,0,0,2,0,0,0,0,1,1,80.55,1406.65
1,0,0,0,29,1,2,0,0,2,2,0,0,2,1,0,1,70.9,1964.6
1,0,1,1,16,1,0,2,1,1,1,1,1,1,0,0,2,19.75,313.4
0,0,0,0,32,1,0,2,1,1,1,1,1,1,1,0,0,19.75,624.15
0,0,0,0,19,1,0,1,2,0,2,2,2,2,0,1,2,106.6,1934.45
1,1,0,0,51,1,2,1,0,0,2,0,2,2,0,1,2,97.8,4913.3
1,0,1,0,72,1,2,1,0,2,2,0,2,2,2,1,0,106.3,7565.35
1,0,0,0,31,1,2,0,0,2,0,2,2,0,0,1,2,71.05,2168.15
1,0,0,0,35,1,0,0,2,2,2,0,0,0,1,0,3,61.2,2021.2
0,0,0,0,35,1,2,2,1,1,1,1,1,1,2,0,0,23.3,797.1
0,0,0,0,21,1,0,0,2,2,0,2,2,0,2,0,1,71.05,1524.85
0,0,0,0,54,1,2,1,0,2,2,2,2,2,0,0,2,111.1,6014.85
0,0,1,1,27,1,0,0,2,2,2,2,0,0,1,0,3,66.15,1874.45
0,0,1,0,72,1,0,2,1,1,1,1,1,1,2,0,1,20.5,1502.25
0,0,0,1,18,0,1,0,0,0,0,0,0,2,0,1,2,35.0,553.0
1,0,0,0,43,0,1,0,0,0,2,2,0,2,1,0,2,44.15,1931.3
0,1,1,0,5,1,0,1,0,0,0,0,0,0,0,0,2,70.05,302.6
1,0,1,0,62,1,0,0,0,2,2,2,0,0,2,1,1,60.15,3753.2
0,0,1,0,61,1,2,1,0,2,0,0,2,2,2,1,0,101.05,5971.25
1,0,0,1,49,1,2,1,0,0,0,0,0,0,0,0,1,75.2,3678.3
0,0,1,0,72,1,2,1,2,2,2,0,2,2,2,1,2,109.55,8165.1
0,0,1,1,51,0,1,0,0,0,2,2,2,2,1,1,2,56.15,2898.95
0,0,1,1,11,1,0,2,1,1,1,1,1,1,1,1,3,20.0,196.35
0,0,1,0,67,1,2,1,2,0,2,2,2,2,1,1,2,111.25,7511.65
1,1,1,0,72,1,0,0,2,2,2,2,2,0,2,0,0,74.4,5360.75
1,0,0,1,29,1,0,2,1,1,1,1,1,1,1,0,3,19.85,535.05
1,0,0,1,3,1,2,1,0,0,2,0,0,2,0,0,2,91.85,257.05
1,0,1,0,72,1,2,1,0,2,2,2,2,2,2,1,2,108.2,7840.6
1,0,0,0,72,1,2,0,2,2,2,2,2,2,2,0,0,92.0,6632.75
1,0,1,0,47,1,2,1,0,2,2,0,0,0,0,1,0,83.35,4065.0
1,0,0,0,44,1,0,1,0,0,0,0,0,0,0,0,1,68.85,2958.95
0,0,0,1,8,1,0,2,1,1,1,1,1,1,0,0,3,20.05,163.6
0,0,0,0,6,1,0,2,1,1,1,1,1,1,2,0,3,19.55,124.45
1,0,0,0,35,1,2,1,0,0,2,2,2,0,0,0,2,95.5,3418.2
0,0,1,0,21,1,2,1,2,0,2,0,2,2,0,1,2,103.9,2254.2
1,0,1,1,68,1,0,1,2,0,2,0,0,0,2,0,1,80.35,5375.15
1,0,0,0,16,1,0,1,0,0,0,2,0,0,0,1,1,74.55,1170.5
0,0,0,0,54,1,2,1,0,0,0,2,2,2,0,1,2,100.1,5440.9
0,0,0,0,1,1,2,2,1,1,1,1,1,1,0,1,2,25.7,25.7
1,0,1,1,61,1,2,1,0,0,2,0,2,2,1,1,2,99.9,6241.35
0,0,0,0,18,1,0,0,0,0,2,0,0,0,0,1,3,50.0,892.7
1,1,1,1,24,1,2,1,2,0,0,0,0,0,0,1,2,79.85,1857.75
0,0,1,1,45,1,0,2,1,1,1,1,1,1,2,0,3,20.85,892.15
1,0,1,1,38,1,0,2,1,1,1,1,1,1,0,0,2,19.6,717.3
1,0,0,0,18,1,0,2,1,1,1,1,1,1,2,0,1,20.05,388.6
1,0,0,0,3,1,0,2,1,1,1,1,1,1,0,1,3,19.1,53.05
1,0,0,0,1,1,0,1,0,0,0,0,2,2,0,1,2,89.1,89.1
0,0,1,1,50,1,2,0,0,2,2,2,2,2,1,1,1,84.15,4164.4
1,0,0,0,59,1,2,1,0,2,2,2,2,2,0,1,2,111.35,6519.75
1,0,1,0,12,1,0,1,0,2,0,0,0,2,0,1,1,85.05,999.8
0,0,0,0,72,1,2,1,0,2,2,2,2,2,2,1,0,111.6,8012.75
1,0,1,1,24,1,0,2,1,1,1,1,1,1,1,0,3,20.25,439.75
0,0,0,0,1,0,1,0,0,0,0,2,0,0,0,0,3,30.55,30.55
1,0,0,0,11,1,2,0,0,0,2,0,0,0,0,0,2,53.75,608.0
1,0,1,0,9,1,0,1,0,2,2,0,0,0,0,1,2,79.9,741.7
0,1,0,0,72,1,2,1,0,2,2,2,2,2,2,0,2,111.65,7943.45
0,0,1,1,50,1,0,2,1,1,1,1,1,1,2,0,1,20.55,1070.25
1,0,1,1,7,1,0,0,2,0,0,0,0,0,1,1,2,49.75,331.3
1,0,0,0,4,1,0,0,0,2,0,0,0,0,0,0,3,49.25,208.45
1,1,1,1,66,1,2,1,0,2,2,2,2,2,1,1,2,108.45,7076.35
0,0,1,1,16,1,0,2,1,1,1,1,1,1,0,0,2,20.4,321.4
1,0,0,0,8,0,1,0,2,0,0,0,0,0,0,1,2,30.45,226.45
1,0,0,0,21,1,0,2,1,1,1,1,1,1,0,0,1,20.5,402.85
0,0,1,0,45,1,0,0,0,0,2,0,0,0,0,1,1,50.25,2221.55
0,0,0,0,41,1,2,1,0,0,2,0,2,2,0,0,0,98.05,3990.6
1,0,0,0,59,1,0,2,1,1,1,1,1,1,2,1,0,20.2,1192.3
1,1,1,0,21,1,0,1,0,0,2,0,2,0,0,0,0,86.55,1857.25
1,0,0,0,1,1,0,1,0,0,0,0,2,0,0,1,2,80.55,80.55
0,0,1,1,4,1,0,1,0,0,0,0,0,2,0,0,2,80.85,302.75
1,0,0,0,15,1,0,2,1,1,1,1,1,1,1,0,3,19.8,304.6
1,0,1,1,51,1,2,2,1,1,1,1,1,1,1,1,3,23.95,1216.35
0,1,0,0,2,1,2,1,0,0,0,0,2,0,0,1,2,85.55,187.45
1,0,1,1,59,1,0,2,1,1,1,1,1,1,2,0,1,19.3,1192.7
1,0,0,0,67,1,0,2,1,1,1,1,1,1,1,1,3,19.45,1195.95
1,0,1,1,25,1,2,0,0,0,0,0,2,0,0,0,2,60.35,1404.65
1,0,0,0,14,1,0,2,1,1,1,1,1,1,0,0,1,19.6,300.4
0,0,0,0,1,1,0,1,0,0,0,0,0,0,0,1,3,69.95,69.95
0,0,1,1,22,1,0,0,0,2,0,2,0,0,0,0,2,55.15,1206.05
0,0,0,0,25,1,0,0,2,0,0,2,2,2,0,1,1,76.15,1992.95
1,1,1,0,72,1,2,1,0,2,2,0,2,2,2,1,0,104.15,7689.95
0,0,1,0,64,0,1,0,2,0,2,2,0,2,2,0,2,47.85,3147.5
1,0,1,0,62,1,2,1,2,2,0,0,0,2,1,0,2,96.1,6001.45
1,0,0,0,10,1,0,0,0,0,0,0,0,0,0,1,1,44.85,435.4
1,0,1,1,53,1,2,0,2,0,0,2,0,2,0,0,2,71.85,3827.9
0,1,1,0,72,1,2,1,0,2,2,0,2,2,1,1,1,105.75,7629.85
1,0,1,1,44,1,0,2,1,1,1,1,1,1,1,1,0,20.5,865.05
0,0,0,0,13,0,1,0,0,0,2,2,0,0,2,0,3,35.4,450.4
0,0,0,0,29,1,0,2,1,1,1,1,1,1,1,0,3,20.0,599.3
0,0,0,0,2,1,0,0,0,2,0,2,0,0,0,1,1,55.05,102.75
0,0,1,1,1,1,0,0,0,0,0,0,0,0,0,1,2,45.7,45.7
0,0,1,1,12,1,2,1,0,2,2,0,0,0,0,1,2,84.5,916.9
1,0,0,0,2,1,0,0,0,0,0,0,0,0,0,0,0,46.05,80.35
1,0,0,1,1,1,0,0,2,0,0,0,0,0,0,0,3,50.6,50.6
0,0,0,0,11,1,2,1,2,0,0,0,0,0,0,1,0,79.0,929.3
1,0,1,0,58,1,2,0,2,2,2,0,2,2,2,1,2,86.1,4890.5
1,1,1,1,43,1,2,1,0,2,2,2,2,2,0,1,0,110.75,4687.9
1,0,0,0,15,1,2,1,2,0,0,0,2,2,0,1,2,99.7,1566.75
1,0,1,1,40,1,0,2,1,1,1,1,1,1,0,1,0,20.4,745.3
1,0,1,1,24,1,2,0,2,0,0,0,2,2,1,0,3,74.8,1821.2
1,0,0,0,1,1,0,1,0,2,0,0,0,2,0,1,2,85.0,85.0
1,0,0,1,1,1,2,1,0,0,2,0,2,2,0,1,2,99.75,99.75
0,0,1,1,72,1,2,2,1,1,1,1,1,1,2,0,0,25.1,1857.85
0,0,0,0,29,0,1,0,0,0,0,0,0,0,0,1,1,25.1,712.85
0,0,0,0,62,0,1,0,0,2,2,0,0,2,2,1,1,43.6,2748.7
0,0,1,1,58,1,0,2,1,1,1,1,1,1,2,0,1,20.3,1160.75
0,0,1,1,64,1,2,1,2,0,0,2,2,2,1,1,0,104.4,6721.6
0,1,1,0,29,0,1,0,2,0,2,0,0,2,0,1,2,45.0,1228.65
1,0,1,0,43,1,2,0,2,2,0,2,0,0,0,0,0,66.25,2907.35
1,0,0,0,26,1,0,2,1,1,1,1,1,1,1,1,0,19.6,471.85
0,1,0,0,5,1,2,1,0,0,0,0,2,0,0,1,1,83.15,446.05
0,0,0,0,1,1,0,0,0,0,0,0,0,0,0,1,3,45.4,45.4
0,0,1,0,3,1,2,1,0,0,0,0,2,2,0,1,2,95.2,292.85
0,0,1,1,51,1,2,1,0,0,0,2,0,0,0,1,2,80.75,4116.9
0,1,0,0,26,1,0,1,0,0,0,0,0,2,0,1,2,78.8,2006.1
0,0,0,0,45,1,2,0,2,0,0,2,0,2,2,0,3,73.55,3349.1
1,1,1,0,33,1,2,1,0,0,0,0,2,2,0,1,2,94.5,3105.55
0,1,1,0,1,1,2,1,0,2,0,0,2,0,0,1,2,90.6,90.6
0,0,0,0,4,1,2,1,0,0,0,2,2,2,0,1,3,100.85,399.25
1,0,1,0,52,1,2,0,2,2,2,2,0,2,1,1,1,81.4,4354.45
1,0,1,0,5,0,1,0,0,0,0,0,0,0,0,1,2,24.95,100.4
0,0,0,0,42,0,1,0,2,2,2,2,0,2,1,1,2,54.75,2348.45
1,0,1,1,70,1,0,1,2,2,2,2,2,0,2,1,1,101.1,6994.8
0,0,0,0,51,1,2,1,2,2,2,0,2,2,1,0,0,107.45,5680.9
0,1,0,0,1,1,0,1,0,0,0,0,0,0,0,1,3,70.6,70.6
1,0,0,1,9,1,0,0,0,0,0,0,2,0,0,0,2,55.35,449.75
1,0,1,1,61,1,0,1,0,2,0,2,2,2,1,1,0,98.45,6145.2
1,0,0,0,13,1,0,1,0,0,2,0,2,0,0,1,2,83.2,1060.6
0,1,0,0,13,1,0,0,0,2,2,0,0,0,0,1,2,54.8,731.3
0,0,0,0,9,1,0,1,2,0,0,0,0,0,0,1,1,74.25,639.65
0,1,1,0,3,1,0,1,0,0,0,0,2,0,0,1,2,80.4,224.05
1,0,1,1,71,1,2,1,2,0,0,0,2,2,2,1,2,97.2,6910.3
1,0,0,1,43,0,1,0,2,2,2,0,0,0,0,1,2,40.45,1912.85
0,0,1,1,26,1,0,2,1,1,1,1,1,1,2,0,1,19.65,494.9
0,0,0,0,60,1,0,1,0,2,2,0,2,2,2,1,2,99.65,5941.05
0,1,1,0,45,1,0,1,0,0,2,0,0,2,0,1,2,86.1,3861.45
0,0,1,1,56,1,0,1,0,0,0,0,2,2,1,0,0,88.9,4968.0
1,0,1,1,32,1,0,1,0,0,0,0,0,0,0,1,0,69.75,2347.9
0,0,0,0,1,1,0,0,0,2,0,0,0,0,0,0,2,50.55,50.55
1,0,1,1,72,1,2,1,2,2,2,2,0,2,2,1,1,104.9,7732.65
0,1,1,0,54,1,0,1,0,0,2,2,2,2,1,1,2,99.1,5437.1
1,1,0,0,52,1,2,1,0,0,0,0,0,0,0,1,0,72.95,3829.75
1,0,0,1,12,1,0,0,2,0,0,0,2,2,0,1,3,69.85,837.5
1,0,0,0,49,1,2,1,0,0,0,0,0,0,0,1,0,74.6,3720.35
1,1,1,0,71,0,1,0,2,2,2,2,0,0,2,0,1,46.35,3353.4
1,0,1,1,58,1,0,1,0,2,0,0,2,2,0,1,2,92.85,5305.05
0,0,0,0,46,1,0,1,0,2,2,2,2,2,2,1,0,104.4,4904.2
1,0,0,0,2,1,0,2,1,1,1,1,1,1,1,0,3,19.95,47.7
1,0,0,1,6,1,0,2,1,1,1,1,1,1,0,1,3,20.2,98.35
0,1,1,0,1,0,1,0,0,0,0,0,0,0,0,1,2,24.8,24.8
1,0,1,1,34,1,0,1,0,2,2,0,2,0,0,1,2,89.85,3091.75
0,0,1,1,35,1,0,2,1,1,1,1,1,1,2,0,1,19.7,730.4
0,1,0,0,12,1,2,1,0,2,0,0,2,0,0,1,2,91.3,1094.5
0,0,0,0,7,0,1,0,0,2,0,0,0,2,0,1,1,40.1,293.3
1,0,0,0,56,1,0,0,0,2,2,2,2,2,2,1,1,81.8,4534.45
1,0,1,1,71,1,2,0,2,0,2,2,2,2,1,0,2,85.45,6300.85
0,0,1,0,72,1,2,1,0,2,2,2,2,2,2,1,2,110.15,7998.8
0,0,1,1,49,1,2,2,1,1,1,1,1,1,2,0,3,25.25,1211.65
0,0,0,1,35,1,2,0,0,0,0,0,0,0,0,0,3,50.15,1655.35
0,1,1,0,72,1,2,1,2,2,2,2,2,2,2,1,1,115.75,8443.7
0,0,1,0,60,0,1,0,2,2,0,2,0,0,2,0,0,37.7,2288.7
1,0,0,0,55,1,2,1,0,0,0,0,2,2,0,1,2,96.8,5283.95
1,0,1,1,37,1,0,1,0,0,0,0,2,2,1,0,1,91.2,3247.55
0,0,0,0,15,1,0,0,0,0,2,0,0,2,0,1,2,59.45,892.65
1,0,0,0,54,1,0,1,2,0,2,2,0,0,1,0,2,84.4,4484.05
0,0,1,1,72,1,2,0,2,0,2,2,0,0,2,0,0,66.85,4758.8
0,0,0,0,38,1,0,2,1,1,1,1,1,1,2,0,3,20.05,741.5
1,0,0,0,9,1,0,2,1,1,1,1,1,1,1,1,3,20.15,163.7
0,0,0,0,3,1,2,0,0,0,0,2,2,0,0,1,2,63.6,155.65
1,0,0,0,25,1,0,2,1,1,1,1,1,1,0,1,3,20.15,536.35
0,0,0,0,41,1,2,0,0,0,2,2,0,2,1,1,2,68.6,2877.05
1,0,0,0,5,1,0,0,0,0,2,0,2,2,1,1,3,70.0,347.4
0,0,0,0,60,1,0,2,1,1,1,1,1,1,2,0,3,20.6,1093.0
1,0,0,0,30,1,0,1,0,0,0,0,2,2,0,1,2,90.25,2755.35
1,0,0,0,43,1,2,1,0,2,0,0,2,2,0,1,2,101.4,4528.0
1,0,0,0,6,1,0,0,0,0,0,2,0,0,0,1,1,49.5,312.7
0,0,0,0,40,1,0,1,0,2,0,0,0,0,0,0,1,74.8,2971.7
1,0,0,0,1,1,0,0,0,0,0,0,0,0,0,1,0,43.85,43.85
0,0,1,1,5,1,0,0,0,0,0,0,0,0,0,0,3,44.8,220.45
0,0,0,0,1,1,0,1,0,0,0,0,0,0,0,0,3,71.1,71.1
0,0,1,1,64,0,1,0,0,2,2,2,0,2,2,0,2,49.85,3210.35
0,0,0,0,8,1,2,0,2,0,0,2,0,2,0,0,2,71.15,563.65
0,1,1,0,58,1,0,1,2,2,0,2,2,2,1,1,1,105.5,6205.5
1,0,1,0,60,1,2,1,0,2,2,0,2,2,1,0,0,102.5,6157.6
1,0,0,0,2,1,2,1,0,2,0,0,0,0,0,1,2,82.0,184.65
0,0,0,0,1,1,0,1,0,0,0,0,0,0,0,1,2,69.2,69.2
0,0,1,0,72,1,2,2,1,1,1,1,1,1,2,1,3,26.0,1776.0
0,0,1,1,23,1,2,1,0,0,0,0,0,2,0,0,2,85.6,1868.4
1,0,1,0,62,1,2,1,0,0,2,2,2,2,2,1,0,107.6,6912.7
0,0,1,1,4,1,2,1,0,0,0,0,0,2,0,1,2,85.95,381.3
0,0,1,1,64,1,2,1,0,2,2,0,0,2,1,1,2,92.85,5980.75
1,0,1,1,4,1,0,2,1,1,1,1,1,1,0,0,3,18.85,84.2
1,1,1,0,13,1,0,1,0,0,0,0,0,0,0,0,0,70.45,849.1
1,0,1,1,28,0,1,0,2,0,2,2,2,0,1,0,3,50.8,1386.8
0,0,1,1,57,1,0,1,0,2,0,0,2,2,1,1,2,95.0,5535.8
0,0,1,1,52,1,0,1,2,0,2,2,0,0,0,1,0,84.05,4326.8
1,0,1,1,72,1,2,1,2,2,2,2,2,0,2,1,1,106.1,7548.6
1,0,1,0,25,1,2,0,0,0,2,0,0,0,0,0,1,55.55,1405.3
1,0,1,1,27,1,0,1,2,2,0,0,0,0,1,1,1,80.65,2209.75
1,0,0,0,53,0,1,0,2,2,0,0,0,2,0,1,0,46.3,2546.85
1,0,1,0,72,1,0,2,1,1,1,1,1,1,2,0,1,19.3,1304.8
1,0,0,0,5,1,2,1,0,2,2,0,0,2,0,0,2,96.55,500.1
1,0,1,1,72,1,0,0,0,2,2,0,2,2,2,1,0,75.4,5480.25
0,1,1,1,62,1,2,1,0,2,2,0,0,2,0,1,1,96.1,6019.35
0,0,1,0,42,1,2,2,1,1,1,1,1,1,2,0,2,25.25,1108.2
1,0,0,0,18,1,0,0,2,0,0,0,0,0,0,0,2,49.4,874.8
0,1,0,0,70,1,2,0,0,2,2,2,2,0,2,1,0,75.5,5212.65
1,0,0,0,9,0,1,0,0,0,0,0,0,0,0,1,2,24.95,190.25
1,0,0,0,2,1,0,2,1,1,1,1,1,1,0,1,2,19.65,31.2
1,0,0,1,5,1,0,2,1,1,1,1,1,1,0,0,3,20.2,83.75
1,1,0,0,65,1,0,1,0,2,2,0,2,2,0,1,0,99.1,6496.15
0,0,1,1,52,1,0,2,1,1,1,1,1,1,2,0,3,19.85,1070.5
0,0,0,0,7,1,0,1,0,0,2,2,2,2,0,1,2,100.4,715.0
0,0,1,0,1,1,0,0,2,2,0,0,0,0,0,1,3,53.55,53.55
0,0,0,0,18,1,2,1,0,0,2,2,0,2,0,1,0,95.05,1679.4
1,0,1,1,60,1,0,2,1,1,1,1,1,1,2,1,0,20.95,1270.55
0,0,0,0,1,1,0,2,1,1,1,1,1,1,0,1,3,20.15,20.15
1,1,0,0,2,1,0,0,0,0,0,0,0,0,0,1,2,44.15,92.65
0,0,0,0,72,1,2,1,2,2,2,2,2,2,2,1,2,114.9,8496.7
0,0,0,0,2,1,0,2,1,1,1,1,1,1,0,1,3,20.05,39.25
0,1,1,0,50,1,2,1,0,2,0,0,2,0,0,1,2,88.05,4367.35
1,0,1,1,1,1,0,1,0,0,0,0,0,0,0,1,1,69.95,69.95
1,0,1,0,64,1,2,0,0,2,2,2,2,0,2,1,0,76.1,4818.8
0,1,1,0,43,0,1,0,0,2,2,0,2,2,0,0,1,55.55,2342.2
1,1,0,0,1,1,0,0,0,0,0,0,0,0,0,1,3,45.85,45.85
1,0,0,0,26,1,0,2,1,1,1,1,1,1,0,0,3,20.9,518.3
0,1,1,0,68,1,2,1,2,2,0,0,0,2,1,1,1,96.55,6581.9
0,0,0,1,13,0,1,0,0,2,0,0,0,0,0,0,2,30.15,382.2
1,0,0,0,7,1,2,1,0,0,2,0,2,0,0,1,2,90.45,593.45
0,0,1,1,43,1,0,0,2,0,2,0,2,2,2,0,0,75.2,3254.35
0,0,0,1,19,1,0,0,2,2,2,0,0,0,0,1,2,60.6,1297.8
0,0,1,1,55,1,0,2,1,1,1,1,1,1,0,0,1,20.0,1087.25
1,0,1,1,72,1,0,1,2,2,2,2,2,2,2,0,0,111.95,8033.1
0,0,1,1,28,1,0,2,1,1,1,1,1,1,0,1,0,19.55,543.8
1,0,0,0,37,1,2,1,0,0,0,2,2,2,0,0,0,98.8,3475.55
1,1,1,0,10,1,2,1,0,0,0,0,0,2,0,0,2,85.55,851.75
0,0,1,1,72,1,2,1,2,2,0,0,2,0,2,1,0,95.9,6954.15
0,0,0,0,11,1,2,1,0,0,2,0,2,0,0,1,2,89.2,990.3
0,0,1,1,72,1,2,1,2,2,2,2,2,2,2,1,1,116.4,8543.25
1,0,0,0,2,0,1,0,0,2,2,2,0,0,0,1,1,40.4,77.15
1,0,1,1,26,1,0,2,1,1,1,1,1,1,2,1,1,19.15,515.75
1,0,1,1,64,1,2,1,0,2,2,2,2,2,2,1,1,109.2,6741.15
0,1,1,0,68,1,0,0,0,2,2,2,0,0,1,1,0,60.65,3975.9
0,0,1,1,35,0,1,0,2,0,0,2,2,0,2,1,1,46.35,1662.05
1,0,0,1,1,1,0,1,0,0,0,0,0,0,0,1,3,70.45,70.45
0,0,0,0,23,0,1,0,0,0,0,0,2,2,0,1,2,44.95,996.85
1,0,1,0,17,0,1,0,0,2,0,0,2,2,0,1,3,49.8,836.35
0,1,1,0,66,0,1,0,0,2,2,0,2,0,1,0,0,45.55,3027.25
1,0,0,0,3,1,0,0,0,0,0,0,0,2,0,0,3,54.65,189.1
1,0,0,0,30,1,0,0,2,0,2,0,0,0,2,1,3,55.65,1653.85
1,1,0,0,6,1,0,1,0,0,0,0,2,0,0,1,2,79.7,497.6
0,1,1,1,12,0,1,0,0,0,0,2,0,0,0,1,3,29.3,355.9
0,0,1,0,68,1,0,0,2,2,0,2,2,2,2,1,0,79.6,5515.8
0,0,1,0,48,1,0,1,0,0,2,2,2,2,0,1,1,100.05,4834.0
0,0,1,0,57,1,0,0,2,2,0,2,2,0,2,1,1,70.35,4124.65
1,1,1,0,18,1,0,1,0,0,0,0,0,2,0,0,2,78.55,1422.65
1,0,0,0,21,0,1,0,2,0,0,2,2,0,0,1,3,43.55,1011.5
0,0,1,0,26,1,0,2,1,1,1,1,1,1,1,0,3,19.2,459.6
0,0,0,1,4,1,2,1,0,0,2,2,0,0,0,1,3,87.1,341.45
1,0,1,0,72,1,2,1,2,0,2,2,2,2,2,1,1,110.9,8240.85
0,1,0,0,1,1,0,1,0,0,2,0,0,0,0,1,0,75.3,75.3
1,1,1,0,40,1,2,1,2,0,0,0,2,2,0,0,2,101.85,4086.3
1,0,1,1,62,1,0,2,1,1,1,1,1,1,1,0,0,19.95,1244.8
0,0,1,0,48,1,2,1,0,2,0,2,2,2,0,1,1,105.1,5083.55
1,0,1,0,14,1,0,0,0,2,2,2,2,2,2,0,3,81.95,1181.75
0,0,1,1,39,1,2,1,0,2,2,2,0,0,1,1,2,89.55,3474.45
1,0,0,0,9,1,0,0,2,0,2,2,2,0,0,1,3,69.5,653.25
0,0,1,1,57,1,2,1,0,2,0,0,2,2,0,1,2,100.6,5611.7
1,0,0,0,28,0,1,0,0,0,0,2,0,0,0,1,1,30.1,810.85
1,0,1,1,22,1,2,1,0,0,2,0,2,0,0,1,2,88.75,1885.15
0,0,1,0,45,1,2,2,1,1,1,1,1,1,2,0,3,25.5,1121.05
1,0,1,0,70,1,0,0,2,2,2,2,0,0,2,0,1,64.95,4523.25
1,0,0,0,1,1,0,2,1,1,1,1,1,1,0,0,3,20.2,20.2
1,0,1,1,16,1,0,0,2,2,0,0,0,0,1,1,3,55.85,857.8
1,0,1,1,41,1,0,2,1,1,1,1,1,1,2,1,3,20.0,879.8
1,0,1,1,53,1,0,0,2,2,0,2,2,0,2,1,3,69.7,3729.6
1,0,0,0,26,1,0,1,0,0,2,2,2,2,0,1,2,98.65,2537.0
0,0,1,1,14,1,2,1,0,0,0,0,2,0,0,1,2,84.8,1203.9
1,0,1,1,70,1,2,2,1,1,1,1,1,1,2,0,3,25.4,1782.05
0,0,0,0,26,1,0,1,2,0,2,2,0,0,1,1,1,87.15,2274.1
0,0,0,0,57,1,0,0,0,2,2,2,2,0,2,0,3,69.75,3894.4
0,0,1,1,70,1,2,0,2,2,0,0,2,0,2,1,1,69.2,4872.35
1,0,1,1,72,1,2,1,0,2,2,0,2,2,1,1,1,104.45,7459.0
0,1,0,0,49,1,2,1,2,2,2,2,0,2,1,0,0,103.0,5166.2
0,0,1,1,72,1,2,1,2,0,0,0,0,0,2,0,0,79.05,5730.7
1,0,0,0,37,1,2,0,2,2,2,2,2,2,1,1,0,90.6,3358.65
1,0,1,1,60,1,0,0,2,2,2,0,0,0,2,0,0,60.5,3694.45
0,0,1,1,64,1,2,1,2,2,2,2,2,2,1,0,2,113.35,7222.75
1,0,0,1,12,1,2,1,0,0,0,0,0,0,0,1,1,73.75,871.4
0,0,0,0,7,1,2,1,0,0,0,0,0,0,0,1,2,73.85,511.25
1,0,0,0,4,1,0,1,0,0,0,0,0,0,0,1,2,70.2,237.95
0,0,0,0,3,1,2,1,0,0,0,0,0,0,0,1,2,75.8,246.3
1,1,0,1,1,1,0,0,0,0,2,0,0,0,0,1,3,50.15,50.15
0,0,1,1,3,1,2,1,0,0,0,0,0,2,0,1,0,84.75,264.85
1,0,0,0,2,1,0,0,0,0,0,0,0,0,0,1,0,46.6,87.9
0,0,0,0,23,1,2,1,0,0,0,0,0,0,0,0,0,75.6,1758.6
1,1,1,0,9,1,0,2,1,1,1,1,1,1,0,1,3,21.25,204.55
0,0,1,0,72,1,2,1,2,2,2,2,2,0,2,1,0,103.95,7556.9
1,0,1,0,51,1,0,0,2,2,2,2,2,2,2,1,1,83.85,4307.1
0,0,1,1,72,0,1,0,2,2,2,2,2,2,2,0,0,65.7,4575.35
0,0,1,1,69,1,0,0,0,2,2,2,0,0,1,0,0,59.1,4134.7
1,0,0,0,35,1,0,0,0,0,0,0,2,0,0,0,3,55.0,2010.55
0,0,1,0,12,1,0,2,1,1,1,1,1,1,2,1,2,20.05,264.55
1,0,0,0,1,1,0,1,0,0,0,0,2,0,0,1,2,79.05,79.05
0,0,1,1,60,1,0,0,0,2,2,2,2,2,2,1,0,80.6,4946.7
1,1,1,0,70,1,2,1,0,2,2,0,2,2,1,1,2,104.8,7308.95
1,0,0,0,1,1,0,0,0,0,0,0,0,2,0,1,2,55.0,55.0
1,0,0,0,30,1,0,1,2,2,2,0,0,0,0,1,1,84.3,2438.6
1,0,0,0,10,1,2,0,2,0,0,0,0,0,0,1,1,54.5,568.2
1,0,0,0,11,1,0,1,2,0,2,0,0,0,0,1,0,79.5,795.65
1,0,0,0,5,1,0,2,1,1,1,1,1,1,0,0,3,21.05,113.85
0,0,1,1,72,1,2,0,2,0,2,0,2,0,2,1,0,71.45,5025.85
1,0,1,0,31,1,0,0,2,2,2,2,0,2,1,1,1,75.5,2424.45
0,1,0,0,38,1,0,0,2,2,0,0,0,0,0,1,1,57.15,2250.65
0,0,0,0,12,1,0,1,0,0,2,0,2,2,0,1,2,96.0,1062.1
1,1,0,0,34,1,0,1,0,2,2,0,2,2,1,1,2,99.85,3343.15
1,0,1,0,22,1,0,0,2,0,0,0,2,0,1,1,0,59.75,1374.35
0,0,0,0,33,1,2,1,0,2,2,0,2,2,0,0,2,107.55,3645.5
1,0,0,0,58,1,0,2,1,1,1,1,1,1,2,0,1,20.3,1131.5
1,0,0,0,64,1,2,1,2,2,0,0,0,0,1,1,1,84.3,5289.05
0,0,1,1,72,1,2,1,2,2,2,2,2,2,2,1,0,115.6,8220.4
1,0,1,1,25,1,0,0,0,2,2,0,0,0,1,0,3,53.65,1355.45
0,0,0,0,11,1,0,1,2,0,0,0,0,0,0,0,2,76.4,838.7
0,1,0,0,9,1,2,1,0,0,0,0,0,2,0,1,2,84.45,762.5
0,0,1,0,37,1,2,1,0,0,2,0,2,2,0,1,2,99.5,3762.0
0,0,1,1,2,0,1,0,0,2,0,0,0,0,0,1,3,30.25,63.75
1,1,0,0,2,1,2,1,0,0,0,0,0,0,0,1,3,74.85,156.4
1,0,1,0,4,0,1,0,0,2,0,0,2,2,0,1,2,48.55,201.0
0,0,0,0,58,1,2,0,2,2,2,2,0,0,1,1,1,71.1,4299.2
0,0,0,0,4,1,0,1,0,0,2,0,0,2,0,1,1,82.85,319.6
1,0,0,0,1,1,0,0,0,0,2,2,2,2,0,1,2,75.5,75.5
1,0,1,0,62,0,1,0,2,2,0,2,0,0,2,1,1,38.6,2345.55
0,0,1,0,55,1,2,0,2,2,0,2,0,0,1,1,1,66.05,3462.1
1,1,1,0,66,1,2,1,0,2,2,2,2,2,1,1,0,107.35,7051.95
0,1,1,0,72,1,2,1,2,2,2,2,2,2,2,1,0,114.65,8333.95
1,0,1,0,52,1,0,1,2,0,0,0,2,0,0,0,2,84.1,4348.65
1,1,0,0,19,1,0,1,2,0,0,0,0,2,0,1,2,87.3,1637.3
1,0,1,1,6,1,0,0,2,0,0,0,0,0,0,1,2,49.15,295.65
0,1,0,0,53,1,0,1,0,2,0,0,0,0,0,1,1,73.8,4003.85
1,0,0,0,12,1,0,0,2,0,0,2,0,0,0,0,3,56.65,654.85
0,0,1,1,15,1,0,2,1,1,1,1,1,1,0,0,3,20.05,284.3
1,0,1,1,71,1,2,0,2,2,0,2,0,0,1,1,1,66.85,4748.7
1,0,1,0,30,1,0,2,1,1,1,1,1,1,1,0,1,19.8,576.65
0,0,1,1,72,1,2,1,0,2,2,0,2,2,1,1,1,103.2,7362.9
1,0,0,0,16,1,0,2,1,1,1,1,1,1,0,0,3,20.0,275.7
1,1,1,0,70,1,0,1,2,2,2,0,2,2,2,0,1,105.35,7511.9
1,0,0,0,25,1,2,1,0,0,0,0,0,2,0,1,2,84.8,2043.45
0,0,0,0,13,1,2,1,2,0,0,0,0,0,0,1,1,80.0,1029.35
1,0,0,0,63,1,2,0,2,2,2,2,0,0,1,0,2,71.5,4576.3
1,0,1,0,29,1,0,1,0,0,2,0,0,0,0,1,1,75.3,2263.4
1,0,0,0,1,0,1,0,0,2,0,2,0,2,0,1,3,44.65,44.65
0,0,1,1,26,1,0,1,0,0,0,0,2,2,0,1,2,90.8,2361.8
1,0,0,0,10,1,0,2,1,1,1,1,1,1,0,0,1,19.75,208.25
1,0,1,1,10,1,0,0,0,2,0,0,0,0,1,0,3,49.55,475.7
0,0,0,0,9,1,2,1,0,0,0,0,0,0,0,1,1,75.2,633.85
0,0,0,0,1,1,2,1,0,0,0,0,0,2,0,1,3,85.45,85.45
1,0,0,0,10,1,0,2,1,1,1,1,1,1,1,0,3,19.5,225.85
1,0,0,0,54,1,2,0,2,0,2,2,2,2,2,0,0,87.1,4735.2
0,0,1,1,38,1,0,2,1,1,1,1,1,1,1,0,3,20.3,749.35
1,0,0,0,12,1,2,1,0,0,0,0,2,2,0,1,2,96.05,1148.1
0,1,0,0,40,1,2,1,0,0,2,2,2,2,1,1,1,103.75,4188.4
0,0,0,0,46,1,0,2,1,1,1,1,1,1,2,1,2,21.1,937.1
1,0,0,0,56,1,2,0,2,2,0,2,0,0,1,1,0,64.65,3665.55
0,0,1,0,54,1,2,1,2,2,2,2,2,2,1,1,3,114.65,6049.5
1,0,1,0,46,1,0,0,2,2,2,2,0,0,2,0,3,65.65,3047.15
0,0,1,1,24,1,2,0,2,2,0,0,2,2,1,0,2,78.4,1832.4
1,0,0,0,68,1,2,0,2,2,2,0,0,2,1,0,1,76.75,5233.25
1,0,1,1,11,1,0,1,0,0,0,0,2,2,0,0,2,90.6,1020.2
1,0,0,0,31,1,2,1,0,2,2,0,2,2,1,1,2,103.45,3066.45
0,0,0,0,15,1,0,1,2,0,2,2,2,2,0,0,2,105.1,1582.75
1,0,0,0,6,1,0,0,2,2,0,0,0,0,0,1,0,55.7,335.65
0,0,1,1,72,1,0,1,2,2,2,2,2,2,2,1,0,108.65,7726.35
0,0,1,0,40,1,2,0,0,2,0,0,0,0,0,0,1,56.6,2379.1
1,1,0,0,57,1,2,0,0,2,2,0,2,2,2,1,0,79.75,4438.2
1,0,1,1,63,0,1,0,0,2,2,2,0,0,2,0,0,39.35,2395.05
0,0,0,0,3,1,0,0,0,2,0,2,2,2,0,1,2,75.3,244.1
0,0,0,0,10,1,0,0,0,0,0,0,0,0,0,0,3,45.25,428.7
0,0,0,0,13,1,2,0,2,0,2,0,2,2,0,1,2,78.75,995.35
1,0,1,0,70,1,2,0,2,0,2,2,0,2,2,1,1,74.8,5315.8
1,0,1,1,30,1,0,1,0,2,2,0,0,0,0,0,0,82.05,2570.2
0,0,0,1,40,1,0,0,2,0,0,2,2,0,0,1,1,64.1,2460.35
1,1,0,0,22,1,2,1,0,0,0,0,2,2,0,1,2,96.7,2082.95
1,0,0,0,40,1,0,0,0,0,0,2,0,0,0,1,2,51.1,2092.9
0,0,0,0,1,1,0,2,1,1,1,1,1,1,0,0,2,19.3,19.3
1,0,0,0,47,1,0,0,2,2,2,2,2,2,1,1,0,86.95,4138.9
1,0,1,0,27,1,0,0,0,2,0,2,0,0,0,1,2,53.8,1389.85
1,0,0,0,1,1,0,0,0,0,0,0,0,0,0,1,2,45.6,45.6
1,0,1,0,10,1,2,1,0,0,2,0,2,2,0,1,2,98.5,1037.75
1,0,0,0,18,1,2,1,0,2,0,0,0,0,0,1,2,80.65,1451.9
1,1,1,0,46,1,2,1,0,0,2,0,2,2,0,1,2,101.0,4680.05
1,0,0,0,1,1,0,2,1,1,1,1,1,1,0,1,3,20.25,20.25
0,0,1,1,57,1,2,0,2,2,0,2,0,0,0,0,0,65.2,3687.85
1,0,0,0,1,1,0,1,0,0,0,0,0,0,0,1,2,69.8,69.8
0,0,1,0,3,1,2,1,0,0,0,0,0,0,0,1,1,74.1,228.0
0,0,0,0,6,1,0,0,2,2,0,0,0,0,0,0,2,56.25,389.1
1,0,1,0,64,1,0,1,2,2,0,2,2,2,2,1,1,104.05,6605.55
1,0,0,0,72,1,2,1,2,2,2,2,2,2,2,0,0,113.4,8164.1
1,0,1,0,63,1,0,1,2,0,2,0,2,2,2,0,1,99.7,6330.4
1,0,0,0,12,0,1,0,0,2,0,2,0,0,0,0,3,34.0,442.45
1,0,0,0,12,1,2,1,0,0,0,2,2,2,0,1,3,99.95,1132.75
0,0,1,1,72,1,2,0,2,2,2,0,2,2,2,1,1,83.6,5959.3
1,0,1,1,44,1,0,0,0,2,0,2,0,0,0,1,0,54.9,2549.1
1,0,0,0,4,1,0,2,1,1,1,1,1,1,0,1,2,19.85,63.0
1,0,1,1,29,1,0,2,1,1,1,1,1,1,0,1,3,20.65,654.85
1,1,1,1,72,0,1,0,2,2,2,2,2,2,2,1,0,64.8,4732.35
1,0,0,0,2,1,2,1,0,0,0,0,0,0,0,1,1,73.25,131.05
0,0,1,0,72,1,2,2,1,1,1,1,1,1,2,1,1,24.15,1776.45
0,0,1,1,64,1,2,2,1,1,1,1,1,1,2,1,3,24.05,1559.15
1,0,1,0,43,1,0,1,2,2,2,0,0,0,0,1,1,86.1,3551.65
1,0,1,0,71,1,2,0,2,2,0,2,2,0,2,0,1,73.5,5357.75
1,0,1,0,69,1,2,1,0,2,0,2,2,0,2,1,3,92.45,6460.55
1,1,1,0,41,1,0,1,0,2,0,0,2,2,0,1,2,94.55,3851.45
0,0,0,0,2,0,1,0,0,2,0,0,2,2,0,0,2,51.4,96.8
0,1,0,0,71,1,2,1,2,2,0,2,2,0,1,1,1,99.65,7181.25
1,0,0,0,8,1,0,1,0,0,0,0,0,0,0,0,0,70.7,553.4
1,0,1,0,14,1,0,0,0,0,0,2,0,0,0,0,0,48.8,664.4
1,0,0,0,6,1,0,0,2,0,2,2,2,2,0,0,1,78.65,483.3
0,0,0,1,18,1,2,0,2,0,0,0,0,0,0,0,3,57.65,992.7
0,0,0,0,3,1,2,0,0,0,0,0,0,0,0,1,3,50.65,151.3
0,0,0,0,64,1,2,1,0,0,2,0,2,2,1,1,1,100.05,6254.2
1,0,0,0,66,1,2,2,1,1,1,1,1,1,2,0,3,25.1,1697.7
0,0,1,1,56,1,2,1,2,0,2,2,2,2,0,1,3,109.6,5953.0
0,0,0,0,2,1,2,1,0,0,2,0,0,0,0,0,3,80.6,155.8
0,0,0,0,22,1,2,2,1,1,1,1,1,1,2,0,3,26.25,605.9
1,0,0,0,57,1,2,1,0,0,0,0,2,0,1,1,2,86.9,4939.25
0,0,1,0,68,0,1,0,2,0,2,0,2,2,1,1,2,54.4,3723.65
1,0,0,0,10,1,0,2,1,1,1,1,1,1,0,1,1,20.0,198.6
1,0,1,1,69,1,0,1,2,2,0,2,2,2,2,1,1,106.35,7261.75
1,0,0,0,1,0,1,0,2,0,0,0,0,0,0,0,3,29.7,29.7
0,0,0,0,1,1,0,1,0,0,0,0,0,0,0,1,2,70.3,70.3
0,0,0,0,10,1,0,2,1,1,1,1,1,1,0,1,2,21.2,222.65
1,1,1,0,65,1,2,1,2,0,0,0,2,2,1,1,2,100.75,6674.65
1,0,0,0,38,1,2,0,2,2,2,2,0,0,0,0,2,69.95,2657.55
1,0,1,0,50,1,2,1,0,0,0,2,2,2,1,0,2,99.4,5059.75
0,0,1,1,6,1,2,1,0,0,0,2,0,0,0,1,2,80.5,502.85
0,0,0,1,9,1,0,0,0,0,2,2,2,2,0,1,3,72.9,651.4
1,0,0,0,1,1,0,0,0,0,2,0,0,0,0,1,3,49.65,49.65
0,1,0,0,14,1,2,1,0,0,0,0,0,0,0,1,2,74.3,1096.25
1,0,1,1,72,1,2,1,0,2,2,0,2,2,2,1,2,103.4,7372.65
0,0,1,0,72,1,2,1,2,0,0,0,0,0,2,0,0,80.45,5737.6
0,1,1,0,18,0,1,0,0,0,2,0,2,2,0,1,2,48.35,810.7
0,0,1,1,46,1,0,2,1,1,1,1,1,1,2,0,0,20.25,890.35
0,0,0,0,15,1,0,2,1,1,1,1,1,1,0,0,0,19.4,289.3
0,1,1,0,72,1,2,1,2,2,2,2,2,2,2,1,0,114.85,8317.95
0,0,0,1,3,0,1,0,0,2,0,0,0,0,0,0,3,29.65,90.05
0,0,0,1,11,0,1,0,0,0,0,0,0,0,0,0,2,25.2,321.05
1,0,0,0,44,1,2,0,0,2,2,2,2,2,1,1,0,85.25,3704.15
0,1,1,0,72,1,2,1,2,0,0,0,0,0,2,0,0,78.5,5602.25
0,0,0,0,8,1,0,0,0,2,0,2,2,0,0,1,2,65.45,554.45
0,0,1,1,72,1,2,2,1,1,1,1,1,1,2,0,0,25.2,1787.35
1,0,1,0,6,1,0,1,0,2,2,0,0,2,0,1,2,91.0,531.0
1,0,0,0,24,1,0,1,0,0,0,0,0,2,0,1,1,79.85,2001.0
0,0,0,0,24,1,2,1,0,0,2,0,2,2,0,1,2,98.75,2407.3
1,0,1,0,72,1,2,1,0,2,2,2,2,2,2,1,1,110.6,7962.2
1,0,1,0,64,1,0,1,2,0,0,0,0,0,0,1,3,73.55,4764.0
0,0,0,0,36,0,1,0,2,2,2,2,0,2,2,1,3,53.1,1901.25
1,0,1,0,72,1,2,1,2,2,2,2,2,2,2,0,1,115.8,8332.15
0,0,0,0,48,1,0,1,2,0,2,2,2,2,2,1,1,102.5,4904.25
0,0,0,0,56,1,0,0,2,0,2,2,0,0,1,1,1,60.25,3282.75
1,0,1,0,4,1,2,1,0,2,0,0,2,2,0,1,2,100.2,420.2
1,0,0,0,20,1,0,0,0,2,0,0,0,0,0,1,3,51.8,1023.85
1,0,1,0,36,1,0,2,1,1,1,1,1,1,1,0,3,20.0,666.75
0,0,1,1,21,1,0,0,0,2,0,0,2,0,1,1,1,58.85,1215.45
1,0,0,0,28,1,2,1,0,2,0,0,2,2,1,0,2,100.2,2688.45
1,0,1,0,41,1,2,0,0,0,2,0,2,2,1,1,2,73.0,3001.2
0,0,0,0,53,1,0,2,1,1,1,1,1,1,2,0,3,20.25,1048.45
1,0,0,0,64,1,2,0,0,2,2,2,2,2,2,0,1,86.55,5632.55
0,0,1,1,55,1,0,1,0,2,2,2,2,2,1,1,0,103.7,5656.75
1,0,0,0,54,0,1,0,2,0,0,2,2,0,2,0,1,45.2,2460.55
1,0,0,0,36,1,2,1,0,0,0,0,0,2,0,1,2,84.75,3050.15
1,0,0,0,48,1,2,0,2,0,0,2,0,2,1,1,0,70.95,3629.2
1,0,0,0,28,1,2,1,2,2,0,0,0,2,0,1,1,94.5,2659.4
1,1,0,0,19,1,2,1,0,2,0,0,2,0,0,1,2,88.2,1775.8
1,0,1,1,72,1,2,1,2,0,2,0,2,2,2,0,0,105.25,7609.75
0,1,0,0,50,1,2,1,0,0,2,2,2,2,0,1,2,104.95,5222.35
1,0,1,0,50,1,2,1,0,2,0,0,2,2,1,1,2,98.25,4858.7
1,0,1,1,58,1,0,0,0,2,0,2,2,2,1,1,1,75.2,4300.8
1,1,1,0,70,1,2,1,0,2,2,0,2,2,0,1,2,102.95,7101.5
1,0,1,0,3,1,0,1,0,0,0,0,0,0,0,1,2,70.3,208.85
0,0,1,0,20,1,0,2,1,1,1,1,1,1,0,0,0,19.25,375.25
1,0,0,0,12,1,2,0,2,2,0,2,0,0,0,1,2,67.25,832.3
1,1,1,0,13,1,2,1,0,0,0,0,2,2,0,1,2,95.25,1233.65
1,0,0,0,10,1,2,1,2,0,0,0,2,2,0,0,2,98.55,1008.55
1,0,1,0,19,1,2,1,2,2,0,2,0,0,0,1,1,88.8,1672.35
0,0,1,0,52,0,1,0,2,2,2,2,2,2,2,0,1,66.25,3330.1
1,0,1,1,66,1,0,0,2,2,2,2,0,0,2,0,3,65.85,4097.05
1,0,0,0,39,1,2,1,2,2,0,0,2,2,0,1,2,106.4,4040.65
1,0,0,1,27,1,0,2,1,1,1,1,1,1,2,0,1,19.7,509.3
1,0,1,1,72,0,1,0,2,2,2,2,2,2,2,1,1,65.25,4478.85
1,1,1,0,68,0,1,0,2,2,2,0,0,0,2,1,2,41.95,2965.75
0,1,0,0,35,0,1,0,0,0,2,0,2,0,0,1,2,39.85,1434.6
1,0,1,0,63,1,2,1,2,0,0,2,0,0,2,1,1,84.65,5377.8
1,0,0,0,1,1,2,2,1,1,1,1,1,1,0,1,3,24.05,24.05
1,0,1,1,6,1,0,2,1,1,1,1,1,1,0,0,1,19.85,138.85
1,1,1,0,64,1,2,1,0,0,2,2,2,2,2,0,2,102.1,6538.45
0,0,0,0,64,1,2,2,1,1,1,1,1,1,1,0,3,24.7,1642.75
1,0,1,0,13,1,2,1,0,0,2,0,2,2,0,1,1,102.25,1359.0
1,1,1,0,12,1,2,1,0,2,0,0,2,2,0,1,2,101.35,1218.55
0,0,1,1,30,1,0,0,0,0,2,2,2,0,1,1,2,64.5,1985.15
1,0,0,0,3,1,0,2,1,1,1,1,1,1,0,1,3,19.8,58.15
0,1,0,0,1,1,0,0,2,0,2,0,0,0,0,1,2,55.8,55.8
0,0,1,0,69,1,2,2,1,1,1,1,1,1,2,1,1,24.95,1718.35
0,0,1,1,70,1,0,0,0,2,2,2,2,2,2,1,0,80.4,5717.85
0,0,0,0,1,1,0,2,1,1,1,1,1,1,0,1,3,20.3,20.3
1,1,0,0,4,1,0,1,0,0,2,0,2,2,0,1,2,94.75,422.4
1,0,1,1,72,1,0,0,2,0,2,2,2,2,2,1,2,80.8,5728.55
0,0,1,0,72,1,2,1,0,0,2,0,2,2,2,1,2,97.85,6841.3
1,0,0,0,2,1,0,0,2,2,0,0,0,0,0,1,3,53.85,108.15
0,0,0,0,1,1,0,0,0,0,0,0,0,0,0,1,3,44.0,44.0
0,0,1,1,1,1,0,2,1,1,1,1,1,1,0,1,3,19.0,19.0
1,0,1,1,72,1,2,1,2,0,2,0,2,2,1,1,0,106.1,7848.5
0,0,1,0,24,1,2,0,2,2,2,0,0,0,0,0,3,66.3,1559.45
0,1,1,1,65,1,2,1,0,2,2,0,2,2,1,1,2,107.45,7047.5
0,0,0,0,8,1,2,1,0,0,0,0,0,0,0,1,2,73.5,632.2
1,0,1,0,71,1,2,0,2,2,2,2,2,2,2,0,0,90.55,6404.0
0,0,1,1,42,1,2,1,0,0,0,0,2,2,0,1,2,94.2,4186.3
0,1,1,1,48,1,0,1,2,0,2,2,2,2,0,1,2,104.5,5068.05
1,0,1,1,11,1,0,2,1,1,1,1,1,1,0,0,0,20.95,267.35
1,0,1,0,16,1,0,1,2,2,0,0,0,0,0,0,0,80.75,1321.3
0,0,0,0,13,1,0,0,2,0,0,0,2,2,0,1,2,71.95,923.85
1,0,0,0,5,1,0,2,1,1,1,1,1,1,0,0,3,20.35,92.75
0,0,1,0,41,1,2,1,2,2,2,2,2,2,0,1,0,113.6,4594.95
0,0,0,0,19,1,2,0,0,0,2,0,0,0,0,1,3,56.1,1033.9
0,0,0,0,1,1,0,2,1,1,1,1,1,1,0,0,3,19.55,19.55
0,1,0,0,46,1,0,1,0,2,0,0,2,2,1,0,1,95.25,4424.2
1,0,0,0,1,1,0,2,1,1,1,1,1,1,0,1,1,19.75,19.75
0,0,0,0,13,1,0,2,1,1,1,1,1,1,0,1,3,20.3,275.4
1,0,1,1,42,0,1,0,2,0,2,2,2,0,2,0,1,48.15,2032.3
1,0,0,0,23,1,2,1,0,0,2,0,0,0,0,1,2,81.0,1917.1
1,0,0,0,19,1,0,2,1,1,1,1,1,1,2,1,3,19.95,373.5
1,0,0,0,9,1,2,1,2,0,0,0,0,0,0,1,2,81.15,784.45
1,0,0,0,3,0,1,0,2,2,0,0,0,0,0,1,3,35.45,106.85
1,0,1,0,38,1,2,0,0,0,2,2,0,2,1,0,1,69.0,2669.45
1,1,0,0,2,1,0,0,2,0,0,0,0,0,0,1,2,49.25,91.1
1,0,0,0,64,1,2,1,0,2,2,0,2,2,2,1,0,104.4,6692.65
0,1,1,0,24,0,1,0,0,0,2,0,0,2,0,1,1,40.65,933.3
1,0,0,0,4,1,0,2,1,1,1,1,1,1,1,0,3,19.95,68.2
0,0,0,1,7,1,0,2,1,1,1,1,1,1,1,0,3,20.05,96.8
0,0,0,0,1,1,0,0,2,0,0,0,0,0,0,0,2,50.15,50.15
1,0,0,0,72,1,2,1,2,2,2,2,2,2,2,1,2,118.2,8547.15
0,0,0,0,28,1,0,0,2,2,0,0,0,0,0,0,2,56.05,1522.65
0,0,0,0,15,1,0,1,2,2,0,0,2,2,0,1,1,99.1,1426.4
0,0,0,0,28,1,2,0,2,0,2,0,0,0,1,0,3,59.0,1654.45
1,0,1,0,13,1,2,0,2,0,0,0,0,2,0,1,2,65.85,902.25
0,0,0,0,70,1,2,1,0,2,2,2,0,0,1,1,0,90.25,6385.95
1,0,1,1,5,1,0,2,1,1,1,1,1,1,1,0,3,20.1,85.1
0,1,1,0,28,1,2,1,0,2,2,2,2,2,0,1,2,110.85,3204.4
0,0,1,1,8,1,0,2,1,1,1,1,1,1,2,0,0,19.5,159.35
0,0,0,0,12,1,0,0,0,0,0,0,0,0,0,0,0,43.8,540.95
0,0,0,0,10,1,0,2,1,1,1,1,1,1,1,1,3,19.8,198.25
1,0,0,0,43,1,2,1,0,2,0,0,0,0,0,1,2,77.85,3365.85
0,1,1,0,11,1,2,1,0,0,2,0,2,2,0,1,2,99.55,1131.2
1,1,0,0,67,1,2,2,1,1,1,1,1,1,2,0,1,25.1,1672.15
0,0,1,0,65,1,2,1,2,2,0,2,2,0,1,1,0,100.15,6643.5
0,0,1,1,55,1,0,2,1,1,1,1,1,1,1,0,1,19.15,998.1
1,0,0,0,46,1,2,1,0,0,0,0,0,0,0,0,0,72.8,3249.4
1,0,0,1,6,1,0,1,0,0,2,0,2,2,0,0,3,94.5,575.45
1,1,1,0,65,1,2,1,0,2,2,0,2,2,1,1,0,103.15,6792.45
1,0,0,0,31,1,0,1,0,0,2,2,2,2,2,0,0,99.45,3109.9
1,0,0,1,1,1,0,0,0,0,2,0,0,0,0,0,2,48.95,48.95
1,0,1,1,2,1,0,2,1,1,1,1,1,1,0,0,3,20.3,40.25
1,0,0,1,50,0,1,0,2,2,0,0,2,0,1,1,0,43.05,2208.05
0,0,0,0,10,1,0,0,0,2,0,2,0,2,1,0,3,64.9,685.55
1,0,1,1,58,1,2,1,0,0,2,2,2,2,1,1,0,105.05,6004.85
0,1,1,0,13,0,1,0,0,0,0,0,2,2,0,0,2,45.3,528.45
0,0,0,0,22,1,0,0,0,2,2,0,2,0,1,0,0,65.25,1441.8
1,0,0,0,52,1,2,0,2,2,2,2,2,2,2,1,3,89.25,4652.4
1,0,1,1,41,1,0,2,1,1,1,1,1,1,1,0,0,19.5,798.2
0,0,1,0,71,1,2,2,1,1,1,1,1,1,2,0,1,25.05,1873.7
0,0,1,1,57,1,0,2,1,1,1,1,1,1,2,0,0,19.75,1272.05
0,0,0,0,44,0,1,0,0,0,2,0,2,2,1,1,2,49.05,2265.0
0,0,1,1,61,1,0,2,1,1,1,1,1,1,1,0,1,19.1,1143.8
0,0,1,1,72,1,2,1,2,0,2,2,2,2,2,1,0,110.45,8058.85
1,0,0,1,1,1,0,2,1,1,1,1,1,1,0,0,3,19.75,19.75
0,0,1,0,71,1,2,0,2,2,2,2,2,2,2,0,1,93.2,6506.15
1,0,1,1,38,1,2,1,0,0,2,2,2,0,2,1,0,94.9,3616.25
0,0,0,0,45,1,0,1,2,2,0,0,2,2,1,1,2,100.3,4483.95
0,0,1,0,57,1,2,1,0,0,2,0,2,2,1,1,1,100.75,5985.0
0,0,0,0,59,1,2,0,2,2,2,2,0,2,1,0,1,79.85,4786.1
0,1,0,0,56,1,2,0,2,0,2,2,0,2,2,0,0,73.25,4054.2
1,0,1,0,54,0,1,0,0,2,0,0,0,0,0,0,2,30.4,1621.35
0,0,1,1,22,1,0,2,1,1,1,1,1,1,0,0,0,19.05,454.05
0,0,1,1,30,1,2,1,0,2,2,2,2,2,0,1,2,107.5,3242.5
1,0,0,0,27,1,0,2,1,1,1,1,1,1,2,0,1,19.85,470.0
1,0,1,1,4,1,0,1,0,0,0,0,0,0,0,1,3,69.55,284.9
1,0,0,0,10,1,0,1,2,0,2,0,0,0,0,1,3,79.85,887.35
0,1,0,0,5,1,0,1,0,0,0,0,0,0,0,1,3,69.05,318.5
0,0,1,0,3,1,2,1,0,2,0,0,0,2,0,1,1,91.5,242.95
1,0,1,1,72,1,2,1,2,2,2,2,2,2,2,1,0,116.6,8337.45
1,0,0,1,3,1,0,1,0,0,0,0,0,0,0,0,2,69.65,220.1
0,0,1,1,45,1,0,2,1,1,1,1,1,1,2,1,0,20.0,886.4
0,0,0,0,21,1,0,0,2,0,2,2,0,0,1,1,2,60.25,1258.35
0,0,1,1,59,1,0,2,1,1,1,1,1,1,2,0,3,20.6,1286.0
0,0,1,1,4,1,0,1,0,0,2,0,0,0,0,1,2,73.75,325.45
0,0,0,0,10,1,2,1,0,0,0,0,0,2,0,0,2,86.45,830.85
0,0,0,0,15,1,2,0,0,0,0,0,0,0,0,1,2,49.1,679.55
1,0,0,0,9,0,1,0,2,0,2,2,0,2,1,0,3,50.8,463.6
0,0,1,1,48,0,1,0,2,2,0,2,0,0,2,0,3,39.4,1978.65
0,0,1,0,10,1,0,2,1,1,1,1,1,1,0,1,0,19.95,187.75
0,0,1,0,42,1,2,0,2,2,0,2,0,0,0,1,1,66.4,2727.8
0,0,0,0,36,1,2,1,0,2,0,0,2,2,0,1,2,99.15,3615.6
1,0,1,1,59,1,0,2,1,1,1,1,1,1,2,0,3,19.5,1147.85
0,0,1,1,47,1,0,0,0,2,0,2,0,2,2,0,0,63.8,3007.25
1,0,0,0,6,1,0,0,2,0,0,0,0,2,0,1,0,59.15,336.7
1,0,0,1,54,1,0,1,2,2,0,2,2,2,1,1,2,105.85,5826.65
1,0,1,1,72,1,2,0,2,2,2,2,2,2,2,1,1,91.95,6614.9
1,0,0,0,4,1,0,1,2,2,0,2,0,2,0,1,3,94.9,360.55
1,1,1,1,66,1,2,0,2,2,2,2,2,0,2,0,1,79.4,5154.6
1,1,1,0,30,1,2,1,0,0,0,0,0,0,0,0,3,77.9,2351.45
0,0,0,0,22,1,2,0,2,0,0,2,0,0,0,1,3,59.05,1253.5
0,0,0,0,47,1,0,2,1,1,1,1,1,1,2,0,3,20.15,1046.2
0,1,0,0,27,1,2,1,0,2,2,0,0,0,0,1,0,86.45,2401.05
0,0,1,0,53,1,0,1,0,0,2,0,2,2,1,1,0,94.85,5000.2
0,0,1,1,33,1,2,1,0,0,0,0,0,2,0,0,1,86.15,2745.7
0,0,0,0,2,1,0,0,2,0,0,0,0,0,0,0,3,50.95,123.05
0,0,1,1,46,1,2,1,2,0,2,2,0,2,2,0,3,99.65,4630.2
1,0,0,0,65,1,2,1,0,2,2,0,2,2,2,0,1,105.1,6631.85
1,0,1,0,38,1,0,2,1,1,1,1,1,1,2,0,0,20.4,743.5
1,0,0,0,26,1,0,1,0,2,2,0,2,0,0,0,2,89.8,2335.3
1,0,0,0,1,1,0,0,0,0,0,0,0,0,0,1,3,44.9,44.9
1,1,1,0,71,1,2,1,2,2,2,2,2,2,2,1,0,115.05,8016.6
1,0,0,0,4,1,2,1,0,2,0,0,0,2,0,1,2,90.05,368.1
0,0,0,0,70,1,2,1,2,2,2,2,2,2,2,1,0,113.65,7939.25
1,0,1,1,63,0,1,0,2,2,2,0,2,2,2,0,2,59.0,3707.6
1,0,1,1,22,1,0,2,1,1,1,1,1,1,1,0,3,20.15,419.9
1,0,0,0,56,1,2,1,0,2,0,2,0,2,0,1,2,94.45,5124.6
0,0,1,1,58,1,0,2,1,1,1,1,1,1,2,0,1,19.55,1079.65
0,0,0,0,5,1,2,1,0,0,2,0,2,2,0,1,2,100.5,514.0
1,0,0,0,64,1,0,1,2,2,0,0,2,2,1,1,1,100.3,6603.8
0,0,0,0,63,1,2,0,2,2,2,2,0,2,2,1,1,80.3,4995.35
0,0,1,1,17,1,0,2,1,1,1,1,1,1,1,0,3,20.75,418.25
1,1,1,0,69,1,2,1,2,0,2,2,2,2,1,1,3,110.55,7610.1
1,0,1,1,70,1,2,0,2,2,2,2,0,2,1,0,0,78.35,5445.95
0,0,0,0,7,1,0,0,0,0,0,0,2,2,0,1,2,66.85,458.1
1,0,0,0,24,1,0,0,2,0,0,2,0,0,0,0,2,54.95,1348.5
0,0,0,0,6,1,0,0,2,2,0,0,0,0,0,0,3,55.15,322.9
1,0,0,0,10,1,2,1,0,2,0,0,0,0,0,1,0,80.7,788.8
0,1,0,0,30,1,2,1,0,2,0,0,2,2,0,1,2,99.7,2967.35
0,1,1,1,72,1,2,0,2,2,2,2,2,2,2,1,1,88.05,6425.65
1,0,1,0,72,1,2,0,0,2,2,2,2,2,2,1,1,85.45,6227.5
0,1,1,0,4,1,2,1,2,0,0,0,2,2,0,1,2,99.6,347.65
0,0,0,1,16,1,0,1,0,0,0,0,2,0,0,1,2,81.0,1312.15
1,0,0,0,1,1,0,2,1,1,1,1,1,1,0,0,3,20.45,20.45
0,0,1,0,29,1,0,2,1,1,1,1,1,1,0,0,3,19.85,573.05
1,0,0,0,13,1,0,2,1,1,1,1,1,1,0,1,2,20.4,251.65
0,1,1,0,1,1,0,2,1,1,1,1,1,1,0,1,3,20.85,20.85
0,0,1,0,70,1,2,1,0,0,2,0,2,2,1,1,2,97.65,6982.5
0,0,1,1,69,1,2,1,2,2,2,2,2,0,1,1,1,105.1,7234.8
1,0,1,1,46,1,0,0,2,0,2,2,2,2,2,0,3,81.0,3846.35
1,0,0,1,1,1,0,0,0,0,0,0,0,0,0,1,2,44.4,44.4
1,1,1,0,37,1,2,1,0,0,0,0,2,0,0,1,2,85.7,3171.15
0,0,1,1,41,1,0,2,1,1,1,1,1,1,2,0,0,19.7,804.25
1,0,1,0,1,1,0,1,2,0,0,0,2,2,0,1,2,95.0,95.0
1,0,1,0,63,1,2,0,0,0,2,2,2,2,2,0,1,79.8,5034.05
0,0,0,1,1,1,2,2,1,1,1,1,1,1,0,0,3,25.4,25.4
1,0,1,1,41,1,2,0,2,2,2,0,2,0,0,1,1,74.55,3023.55
1,0,1,1,72,0,1,0,2,2,2,2,0,2,2,1,1,55.45,4179.2
0,1,0,0,16,1,0,0,0,0,0,2,2,0,0,0,2,59.4,1023.9
1,0,0,1,13,1,0,0,2,0,0,0,0,0,0,1,1,52.1,670.65
0,0,1,0,68,1,0,0,0,2,0,2,2,0,2,0,0,64.1,4326.25
0,0,0,1,22,0,1,0,0,0,2,0,2,2,1,1,1,49.45,1031.4
0,0,0,0,7,1,0,1,0,0,0,0,2,0,0,1,3,80.3,526.7
1,0,1,1,9,1,0,1,0,0,2,2,2,2,0,0,2,103.1,970.45
1,1,1,0,4,1,2,1,0,0,0,0,0,0,0,0,2,74.95,308.7
0,0,1,0,71,1,2,0,0,2,2,2,2,2,2,1,1,83.3,5894.5
0,0,1,1,72,1,2,1,2,2,2,2,2,2,2,1,0,115.8,8476.5
1,0,1,1,52,1,0,2,1,1,1,1,1,1,2,0,3,19.2,1054.75
0,1,0,0,54,1,2,0,0,2,0,2,2,0,1,0,3,72.1,3886.05
1,0,1,1,63,1,0,2,1,1,1,1,1,1,2,0,3,19.7,1275.85
0,1,1,0,60,1,2,1,0,2,2,0,2,2,0,1,2,105.9,6401.25
0,0,1,1,22,1,0,1,0,0,0,0,0,2,0,1,2,80.15,1790.65
1,0,1,1,8,1,2,2,1,1,1,1,1,1,1,0,3,24.4,203.95
1,1,1,0,27,1,2,1,2,0,2,0,0,0,1,1,2,85.9,2220.1
1,0,0,0,1,1,0,0,0,0,0,0,0,2,0,1,3,55.7,55.7
0,0,0,0,52,0,1,0,2,2,0,2,0,0,2,0,3,39.1,1982.1
1,1,0,0,9,1,2,1,0,0,0,0,0,2,0,1,2,83.85,790.15
0,0,1,1,33,1,0,2,1,1,1,1,1,1,1,0,3,20.1,579.4
0,0,1,1,40,1,2,2,1,1,1,1,1,1,2,1,3,24.8,1024.7
1,1,0,0,6,1,0,1,2,0,0,0,2,0,0,1,0,85.15,503.6
1,0,0,0,5,1,0,0,0,0,2,0,2,2,0,1,2,70.05,346.4
0,0,1,1,5,1,0,1,0,2,0,0,0,2,0,1,2,83.6,404.2
0,0,0,0,13,1,2,1,0,0,0,0,0,0,0,1,3,75.0,999.45
0,0,0,0,1,1,0,0,0,0,0,0,0,0,0,0,2,45.8,45.8
1,0,0,0,15,1,2,1,2,0,0,0,2,0,0,1,0,87.75,1242.2
1,0,1,1,13,1,0,2,1,1,1,1,1,1,1,0,3,20.0,218.55
0,0,0,0,12,1,2,0,0,0,0,2,2,2,1,1,3,75.85,854.45
1,0,0,0,19,1,0,0,0,0,0,0,0,0,0,1,0,45.0,865.85
1,0,1,1,56,1,2,2,1,1,1,1,1,1,1,1,3,24.45,1431.65
1,0,0,0,72,1,0,2,1,1,1,1,1,1,2,0,0,19.85,1434.1
0,0,1,1,30,1,0,0,0,2,2,2,2,2,2,0,0,80.8,2369.3
1,1,1,0,10,1,0,1,2,0,0,0,0,0,0,0,2,75.3,720.45
1,0,0,0,20,1,0,2,1,1,1,1,1,1,1,1,3,19.7,415.9
1,0,0,0,5,1,0,0,0,0,0,2,0,0,0,1,2,49.2,216.9
1,0,0,0,9,1,0,2,1,1,1,1,1,1,1,1,2,19.9,164.6
1,0,0,0,34,0,1,0,0,0,0,0,0,0,0,1,0,25.05,852.7
1,0,1,0,27,1,0,0,2,0,0,0,0,0,1,0,1,48.7,1421.75
1,0,0,0,24,1,2,1,0,0,0,0,2,2,0,1,2,94.1,2322.85
0,1,1,0,34,1,0,0,0,0,2,2,2,0,1,0,0,64.2,2106.3
1,0,1,1,21,1,2,0,2,0,0,0,2,2,1,1,0,75.9,1549.75
1,0,1,1,7,1,0,0,0,0,0,0,0,0,0,0,2,44.75,333.65
0,0,0,0,46,1,0,0,0,0,0,0,0,0,0,0,0,44.95,2168.9
1,0,1,1,5,1,2,1,0,2,0,0,0,0,0,1,2,80.15,385.0
1,0,0,0,65,1,2,1,2,0,2,2,2,2,1,1,1,110.0,7138.65
1,0,0,0,2,1,0,1,0,0,0,0,0,0,0,0,3,70.7,129.2
1,0,1,1,65,1,2,0,2,2,2,0,0,2,1,0,1,72.45,4653.85
0,1,1,0,24,1,2,1,0,0,0,0,2,2,0,1,2,93.55,2264.05
1,0,0,0,43,1,0,1,2,0,0,0,0,0,0,1,2,75.2,3198.6
1,0,1,1,18,1,0,0,2,0,2,2,2,2,0,0,2,83.25,1611.15
1,0,1,1,39,0,1,0,0,0,0,0,0,0,1,1,1,25.25,947.75
1,0,0,0,22,1,2,1,0,2,0,0,0,0,0,1,3,78.85,1600.25
1,0,0,0,1,1,0,1,0,0,0,0,0,2,0,0,2,79.6,79.6
1,0,0,1,25,1,0,2,1,1,1,1,1,1,0,0,3,20.8,460.2
0,0,0,0,29,1,2,0,2,2,0,2,0,0,0,0,3,67.45,1801.1
0,0,0,0,29,1,2,0,0,0,0,0,2,2,1,1,1,71.0,2080.1
0,0,1,1,1,1,0,2,1,1,1,1,1,1,2,0,3,20.35,20.35
0,0,1,1,72,1,0,0,2,2,2,2,0,2,2,1,2,74.35,5237.4
1,1,0,0,55,0,1,0,0,0,2,0,2,2,1,1,0,50.05,2743.45
1,0,1,0,48,1,2,1,2,2,2,0,2,0,2,1,0,96.9,4473.45
0,0,1,0,70,1,2,0,2,2,2,2,2,2,2,1,1,94.8,6859.05
0,0,0,0,8,1,0,1,0,0,0,0,2,0,0,1,0,80.1,679.3
1,1,0,0,10,1,0,1,0,0,0,0,0,2,0,1,2,79.25,793.55
1,0,0,0,64,1,2,1,0,2,0,2,2,2,1,1,1,105.65,6903.1
1,0,1,1,27,1,0,0,2,2,0,0,0,0,0,1,1,54.75,1510.3
0,0,0,0,48,1,2,0,2,2,2,0,2,2,1,1,1,83.45,3887.85
0,0,1,1,45,1,2,2,1,1,1,1,1,1,1,1,1,25.9,1216.6
0,0,0,0,12,1,2,1,0,0,0,0,0,2,0,1,2,86.55,1066.9
1,0,1,0,71,1,2,2,1,1,1,1,1,1,2,0,0,24.45,1730.65
0,0,0,0,1,1,0,1,0,0,0,0,0,0,0,0,2,70.5,70.5
1,0,1,1,70,1,0,2,1,1,1,1,1,1,2,0,1,20.05,1360.25
0,1,0,0,29,1,2,0,2,2,0,0,0,0,0,1,0,58.55,1718.95
0,0,1,1,58,1,0,1,0,2,2,0,2,0,0,1,2,91.55,5511.65
0,0,0,0,5,1,0,0,2,0,0,2,2,0,0,1,2,64.35,352.65
1,0,0,0,6,1,0,2,1,1,1,1,1,1,0,0,3,20.65,109.3
0,0,1,1,71,0,1,0,2,2,0,2,2,2,2,0,0,59.7,4122.65
1,0,1,1,68,0,1,0,2,2,0,0,2,0,1,0,3,44.8,2983.65
1,0,0,0,1,1,0,1,0,0,0,0,0,0,0,0,3,70.6,70.6
1,0,1,1,50,1,0,0,2,0,0,2,2,2,1,0,2,75.5,4025.6
0,0,0,0,39,1,0,0,0,0,0,2,0,2,1,0,2,59.3,2209.15
1,0,0,0,66,1,0,1,2,0,2,2,2,2,2,1,0,105.65,6844.5
1,0,1,1,67,1,0,0,2,2,0,2,0,0,1,0,3,60.05,3994.05
1,0,1,0,66,1,0,0,2,2,2,2,2,2,2,1,0,85.9,5595.3
0,0,0,0,9,1,0,1,0,2,2,0,0,0,0,0,2,80.55,653.9
1,1,0,0,39,1,2,1,0,0,0,0,2,2,0,1,0,95.65,3759.05
0,0,0,0,12,1,0,0,0,2,0,0,0,0,0,1,2,49.4,611.65
1,0,0,0,17,1,0,2,1,1,1,1,1,1,2,0,3,19.15,343.45
1,1,0,0,26,1,0,2,1,1,1,1,1,1,1,0,1,19.3,504.2
1,0,1,0,12,1,0,0,0,0,2,2,2,2,0,1,2,74.15,741.4
0,1,0,0,16,1,2,0,2,0,0,0,0,0,0,1,2,54.1,889.0
1,0,1,0,56,1,2,1,0,2,0,0,2,2,1,0,1,100.3,5614.45
0,0,0,0,50,1,0,1,0,0,2,2,0,2,2,1,0,89.7,4304.5
0,0,1,1,64,1,0,0,2,0,0,2,2,0,1,0,3,65.8,4068.0
1,0,0,0,13,1,0,1,2,0,0,0,0,0,0,1,1,73.75,956.65
1,0,0,1,6,1,0,2,1,1,1,1,1,1,0,0,3,19.7,111.65
1,0,1,1,1,1,0,2,1,1,1,1,1,1,1,0,3,18.8,18.8
1,0,0,0,69,1,2,0,2,2,2,2,0,2,2,1,1,81.5,5553.25
1,0,1,1,15,1,0,2,1,1,1,1,1,1,0,1,2,20.0,288.05
1,0,0,0,15,1,0,1,0,0,2,0,2,0,0,0,2,85.3,1219.85
0,0,0,0,14,1,0,0,0,0,0,2,0,2,1,0,1,59.1,772.85
1,0,1,1,69,1,2,1,0,2,2,0,2,2,2,1,2,105.0,7297.75
1,0,0,0,18,1,2,0,0,0,2,2,2,2,1,1,1,82.0,1425.45
1,1,1,0,21,1,0,1,0,0,0,0,0,0,0,1,2,69.1,1474.75
0,0,0,0,25,1,2,1,0,0,0,0,2,0,0,1,3,84.6,2088.05
0,0,1,0,57,1,2,0,0,2,2,2,2,0,1,0,0,74.6,4368.95
1,0,0,0,5,1,0,0,0,0,2,2,2,2,0,0,0,75.15,392.65
1,0,0,1,6,1,0,2,1,1,1,1,1,1,0,0,3,19.65,100.9
0,1,0,0,4,1,2,1,0,0,0,0,2,2,0,1,2,94.3,424.45
1,1,1,0,7,1,0,1,0,0,0,0,0,0,0,1,3,70.1,467.55
1,0,0,0,3,0,1,0,0,0,0,0,0,0,0,0,2,25.1,79.8
0,0,1,1,60,0,1,0,2,0,2,2,2,2,2,0,1,59.85,3590.2
0,0,0,1,31,1,2,1,0,0,0,0,2,0,0,1,1,86.55,2697.4
0,0,1,1,23,1,0,0,2,2,0,2,0,0,1,1,3,57.75,1282.85
1,0,0,0,20,0,1,0,2,2,2,2,2,0,0,1,1,55.0,1165.55
0,0,1,0,67,1,2,0,0,2,2,2,2,2,2,0,0,86.15,5883.85
0,0,0,0,9,1,0,2,1,1,1,1,1,1,0,0,0,20.15,238.15
0,0,1,1,72,1,0,0,2,2,2,0,0,2,2,0,1,68.75,4888.2
0,0,0,0,41,1,0,2,1,1,1,1,1,1,0,0,2,20.45,775.6
0,0,1,1,45,1,2,0,2,2,2,2,2,0,0,0,3,81.3,3541.1
1,0,1,1,53,1,0,0,0,2,0,2,2,0,0,0,1,65.0,3363.8
1,0,1,1,52,1,2,2,1,1,1,1,1,1,2,0,3,24.8,1229.1
1,0,1,0,63,1,0,1,2,2,2,2,2,2,2,1,1,110.1,6705.7
0,0,0,0,54,1,2,1,0,2,0,0,2,2,2,1,0,97.2,5129.45
1,0,0,0,9,1,0,2,1,1,1,1,1,1,0,0,3,20.4,181.8
0,0,1,0,69,1,2,1,2,2,2,2,2,2,2,1,2,116.0,8182.85
0,0,1,1,13,1,2,2,1,1,1,1,1,1,2,1,0,25.0,332.5
0,0,0,0,72,1,2,1,0,0,2,2,2,2,2,1,1,107.5,7853.7
0,0,1,0,9,1,2,1,2,2,2,0,0,0,0,0,0,91.75,865.8
1,0,1,1,72,1,0,2,1,1,1,1,1,1,2,0,2,20.35,1354.4
0,0,0,0,66,1,0,0,2,2,2,0,0,0,2,1,0,61.15,4017.45
1,1,0,0,15,1,0,1,0,2,0,0,0,0,0,1,2,74.4,1074.3
0,1,0,0,4,1,0,1,0,2,0,0,0,0,0,0,2,72.75,317.75
0,0,1,1,15,1,0,0,0,2,2,2,2,2,0,0,0,76.5,1155.6
1,0,1,1,51,0,1,0,2,2,2,0,2,2,1,0,2,59.3,3014.65
0,0,0,0,41,1,0,1,0,0,0,0,0,0,0,0,0,70.25,2868.05
1,0,0,0,64,1,0,2,1,1,1,1,1,1,2,0,3,19.55,1240.15
0,0,1,1,45,0,1,0,0,2,2,2,0,2,1,0,0,51.0,2264.5
1,0,1,1,15,1,0,1,2,0,0,2,2,2,1,0,2,101.9,1667.25
1,1,0,0,69,1,0,2,1,1,1,1,1,1,2,0,1,20.3,1356.3
1,0,0,0,36,1,0,0,2,0,2,2,2,2,0,1,1,79.2,2854.95
0,0,1,1,72,1,2,0,2,2,2,2,2,2,2,1,0,93.25,6688.95
1,0,1,0,71,1,2,1,0,0,2,0,2,2,1,1,1,98.65,6962.85
0,1,0,0,66,1,2,1,2,0,0,0,2,2,2,1,0,102.4,6471.85
1,0,0,0,3,1,0,1,2,0,0,2,0,0,0,1,3,82.3,214.4
0,0,0,0,2,1,0,2,1,1,1,1,1,1,0,1,0,20.7,39.85
0,0,0,0,60,1,2,1,0,0,2,0,0,0,1,1,0,79.2,4765.0
1,0,1,1,72,1,2,0,2,0,2,2,0,0,2,1,1,66.5,4811.6
1,0,0,0,48,1,2,1,0,2,2,0,2,2,1,1,1,106.1,5082.8
0,0,0,1,1,1,0,0,2,0,0,2,0,0,0,0,2,54.5,54.5
1,0,0,1,8,0,1,0,2,0,0,2,0,2,2,1,3,44.55,343.45
0,0,0,0,42,1,0,0,2,2,0,2,0,2,1,1,3,67.7,2882.25
1,0,0,0,20,1,0,1,0,0,0,0,0,0,0,0,1,70.55,1493.55
1,0,0,0,48,1,0,2,1,1,1,1,1,1,2,0,1,19.85,916.0
0,0,0,0,6,1,0,2,1,1,1,1,1,1,0,0,3,20.7,112.75
0,0,1,1,33,1,0,2,1,1,1,1,1,1,2,0,1,19.8,641.35
0,0,1,0,37,1,2,0,2,0,2,2,0,0,1,0,1,68.1,2479.25
0,0,1,0,2,1,0,1,0,0,0,0,0,0,0,1,2,70.7,141.45
1,0,0,0,30,1,2,1,2,2,2,0,0,0,1,0,0,90.4,2820.65
0,0,0,0,1,1,0,2,1,1,1,1,1,1,0,0,1,19.4,19.4
0,0,1,1,24,0,1,0,2,2,2,2,0,2,2,1,3,52.5,1208.15
0,0,0,0,13,0,1,0,0,0,2,0,2,2,0,0,2,49.15,649.4
1,0,1,0,59,1,2,0,2,0,0,2,0,2,1,1,3,69.1,4096.9
1,0,1,0,72,1,2,1,2,2,2,2,2,2,2,1,0,115.8,8424.9
0,0,1,0,24,1,2,1,0,0,0,0,0,0,0,1,1,75.4,1747.85
1,0,0,0,13,1,2,1,0,0,0,2,2,2,0,0,2,100.75,1313.25
1,0,1,0,72,1,2,0,2,2,2,2,2,2,2,1,1,90.25,6369.45
1,0,0,0,65,1,2,2,1,1,1,1,1,1,2,0,3,25.75,1654.75
0,0,1,1,2,1,0,2,1,1,1,1,1,1,1,0,3,20.3,31.9
1,1,1,0,58,0,1,0,0,2,2,0,0,2,0,1,2,45.3,2651.2
1,0,1,1,7,0,1,0,2,0,2,2,0,2,2,0,1,49.65,305.55
1,0,0,0,4,1,0,0,0,0,0,0,0,2,0,0,2,54.3,195.3
1,0,0,0,21,1,2,1,0,0,0,0,0,0,0,0,3,75.3,1570.7
0,0,1,0,53,1,0,2,1,1,1,1,1,1,1,0,1,19.05,990.45
1,0,0,0,21,1,0,2,1,1,1,1,1,1,1,1,3,20.35,422.7
1,0,1,1,53,1,2,0,2,0,2,2,2,2,0,0,2,85.7,4616.1
1,0,0,0,2,1,0,0,0,0,0,0,0,0,0,1,1,46.0,84.5
1,0,0,0,70,1,2,1,2,2,2,2,2,2,2,1,0,114.95,7711.25
0,0,1,0,7,1,0,1,0,0,2,0,2,0,0,1,2,86.25,587.1
0,0,1,0,59,1,2,1,2,2,2,2,0,2,1,1,1,107.0,6152.3
1,0,1,0,69,1,2,1,2,2,2,2,2,2,2,1,0,112.55,7806.5
0,0,0,0,48,1,0,0,2,2,0,0,0,0,2,0,1,55.5,2627.35
1,0,0,0,6,1,0,0,0,0,2,0,2,0,0,0,3,60.9,414.1
1,0,1,1,16,1,0,2,1,1,1,1,1,1,2,0,3,20.5,290.55
1,0,0,0,3,1,0,0,2,0,0,2,2,0,0,1,1,64.4,195.65
0,0,1,1,69,1,2,1,0,2,0,2,0,2,2,1,0,93.3,6398.05
1,0,1,1,35,1,0,2,1,1,1,1,1,1,1,0,2,19.9,666.0
1,0,1,0,44,0,1,0,0,2,2,0,2,2,2,0,0,54.3,2390.45
0,0,1,0,7,1,0,1,0,0,0,0,0,0,0,1,0,69.2,477.55
0,0,0,0,1,1,0,0,0,0,0,0,0,0,0,1,2,45.3,45.3
1,0,1,0,24,0,1,0,0,0,2,0,0,0,0,0,2,29.1,688.0
0,1,1,0,1,1,0,0,0,0,0,0,0,0,0,0,2,46.0,46.0
1,0,1,1,16,1,0,0,2,0,2,0,2,0,2,0,3,64.25,1024.0
1,0,1,0,24,1,2,1,0,2,2,0,2,2,0,1,2,104.65,2542.45
0,1,1,0,71,1,0,1,0,2,2,0,0,2,2,0,1,89.45,6435.25
1,0,0,0,13,1,0,2,1,1,1,1,1,1,2,0,1,20.0,268.45
0,0,0,0,17,1,2,1,0,0,2,0,0,0,0,0,0,80.05,1345.65
1,0,1,1,25,1,0,0,2,2,2,0,0,0,1,1,0,61.6,1611.0
0,1,0,0,3,1,0,1,0,0,0,0,0,0,0,1,2,70.3,235.5
1,0,1,0,1,1,0,1,0,0,0,0,2,2,0,1,2,90.75,90.75
0,0,1,1,50,1,2,0,2,2,2,2,0,2,1,1,0,80.05,4042.2
0,1,1,1,24,1,0,1,0,0,2,0,2,2,2,1,2,96.55,2263.45
1,0,0,0,35,1,0,2,1,1,1,1,1,1,1,0,0,20.6,754.0
0,1,0,0,1,1,0,1,0,0,0,0,2,2,0,1,2,89.3,89.3
0,0,0,1,4,1,0,1,0,0,2,2,2,2,0,1,0,98.1,396.3
1,0,0,0,1,1,0,2,1,1,1,1,1,1,0,0,3,19.1,19.1
1,0,0,0,1,1,2,0,0,0,0,0,0,0,0,1,2,50.15,50.15
1,0,1,0,47,1,2,1,0,2,0,0,0,0,1,1,2,78.9,3650.35
0,0,1,1,4,1,0,2,1,1,1,1,1,1,0,0,3,20.35,76.35
0,0,0,0,32,1,2,0,0,2,0,0,0,0,0,1,2,54.2,1739.6
1,0,0,0,1,1,2,0,0,2,0,0,0,0,0,0,2,54.3,54.3
1,0,0,0,3,1,2,1,0,0,0,0,0,0,0,1,2,76.95,228.4
1,0,0,0,53,1,2,2,1,1,1,1,1,1,1,0,0,24.05,1301.9
0,0,1,1,3,1,0,0,0,0,0,0,0,0,0,0,3,44.3,134.5
0,1,0,0,40,1,0,1,2,2,0,0,0,0,0,1,1,79.2,3233.85
1,0,1,0,4,1,2,0,0,0,2,0,2,0,0,0,2,65.6,250.1
0,0,0,0,58,1,0,0,2,2,2,2,0,0,2,1,1,64.9,3795.45
0,0,1,1,56,1,0,2,1,1,1,1,1,1,2,0,3,20.05,1090.1
0,0,1,1,24,1,2,0,2,0,2,0,2,2,2,0,1,78.6,1846.65
0,0,0,0,47,0,1,0,2,0,2,2,0,0,2,0,3,41.9,1875.25
0,0,0,0,69,1,2,1,0,2,2,2,2,2,2,1,0,110.5,7455.45
1,0,1,1,61,1,0,0,2,2,2,2,0,0,2,1,0,68.05,4158.25
0,0,0,0,1,1,0,0,0,0,0,2,0,0,0,1,2,50.8,50.8
1,0,1,1,71,1,2,0,2,2,2,2,2,2,2,0,2,90.4,6668.05
1,0,0,1,38,1,2,1,0,0,2,0,2,2,0,1,0,99.25,3777.15
0,1,1,0,37,1,0,1,0,0,2,2,2,0,0,0,2,90.0,3371.75
1,0,1,0,66,1,2,0,0,0,0,2,0,2,0,0,2,63.85,4264.6
0,0,1,1,18,1,0,2,1,1,1,1,1,1,0,0,3,20.45,357.0
1,0,1,0,71,1,2,0,2,2,0,2,0,0,2,0,0,65.15,4681.75
1,0,0,0,1,1,0,2,1,1,1,1,1,1,0,1,3,20.05,20.05
0,0,0,0,59,1,2,0,2,0,0,2,0,2,1,0,0,68.7,4070.95
0,0,1,1,41,1,0,1,0,0,2,0,2,2,0,1,0,94.9,3848.0
1,0,1,0,18,1,2,0,0,2,0,0,0,0,0,0,1,56.8,1074.65
0,0,0,1,12,1,2,1,0,2,2,0,2,2,0,1,2,105.3,1275.65
1,0,1,1,23,1,2,0,0,0,0,0,0,0,1,1,1,48.35,1067.15
1,0,0,0,1,1,0,0,2,0,0,0,0,0,0,0,3,51.25,51.25
1,1,1,0,34,1,0,1,0,0,2,0,2,0,0,1,1,85.2,2874.45
1,0,1,0,55,1,2,2,1,1,1,1,1,1,2,0,0,25.7,1443.65
1,0,1,0,72,1,2,1,2,2,2,0,2,0,2,1,1,97.95,7114.25
1,0,0,0,57,1,0,0,0,2,0,2,0,0,1,1,3,54.65,3134.7
1,1,0,0,9,1,0,0,0,0,0,2,0,0,0,0,3,49.2,447.9
0,0,1,0,53,1,0,1,2,2,2,2,2,2,1,0,2,110.5,5835.5
1,0,0,0,19,1,0,2,1,1,1,1,1,1,2,0,3,19.65,358.15
1,0,0,0,56,1,2,1,2,0,0,2,2,2,0,1,3,105.35,5794.45
1,1,0,0,20,1,0,0,2,0,0,2,0,0,1,0,3,54.0,1055.9
1,0,0,0,23,1,0,2,1,1,1,1,1,1,1,0,3,20.45,481.1
0,0,1,0,2,1,2,1,0,0,2,2,2,2,0,1,2,104.4,242.8
1,1,0,0,3,1,2,1,0,2,0,0,0,0,0,1,2,81.35,233.7
1,0,0,0,35,1,2,2,1,1,1,1,1,1,0,1,2,25.6,901.25
1,1,0,0,50,1,2,1,0,0,0,0,2,2,0,1,2,95.7,4816.7
0,0,0,0,66,1,2,1,2,2,2,2,0,2,0,1,0,103.1,6595.0
1,0,1,1,4,1,2,2,1,1,1,1,1,1,1,0,1,24.1,73.1
0,0,1,0,71,1,2,0,2,2,2,2,2,2,2,0,1,85.75,6223.8
0,0,0,0,8,1,0,2,1,1,1,1,1,1,2,0,3,20.25,174.65
1,0,1,1,69,1,0,0,2,2,0,2,2,2,2,0,0,80.65,5542.55
0,1,0,0,25,1,2,1,0,2,0,0,0,2,0,1,2,89.7,2187.55
1,0,0,0,20,1,2,0,2,0,0,2,0,0,0,0,0,59.2,1191.2
1,0,1,0,55,1,2,1,0,0,2,2,2,2,1,1,2,104.15,5743.05
1,1,0,0,20,1,2,1,0,0,2,0,2,2,0,1,2,98.55,1842.8
1,0,1,0,42,1,2,0,2,0,0,2,2,2,1,0,1,80.45,3375.9
1,0,1,0,64,1,2,1,0,2,0,2,2,2,2,1,2,105.25,6823.4
0,0,1,1,42,1,0,1,0,0,0,0,2,0,0,1,1,77.95,3384.0
1,0,1,1,19,1,0,0,2,0,0,0,0,0,1,1,0,48.95,955.6
0,0,1,1,23,1,0,2,1,1,1,1,1,1,2,1,3,19.65,451.55
1,0,0,0,31,1,0,2,1,1,1,1,1,1,2,0,3,20.45,638.55
0,0,0,0,48,1,2,2,1,1,1,1,1,1,1,0,1,25.05,1171.5
1,0,1,1,70,1,2,1,2,2,0,0,2,2,0,1,2,106.05,7554.05
0,0,1,1,32,1,2,1,0,0,2,0,0,2,0,1,0,91.05,2954.5
0,0,1,1,10,1,0,2,1,1,1,1,1,1,2,0,3,20.15,220.8
1,0,1,0,57,1,0,0,2,2,0,2,0,0,2,1,2,59.75,3450.15
1,0,0,0,5,1,0,0,2,0,0,2,0,0,0,1,3,55.75,266.95
0,0,0,1,2,1,0,0,0,2,0,0,0,0,0,0,3,51.55,106.2
1,1,0,0,65,1,2,1,2,0,2,2,2,2,2,1,2,109.05,7108.2
1,0,0,0,64,1,2,1,2,0,2,2,0,2,2,0,1,99.25,6549.45
1,0,0,1,48,1,2,0,2,2,2,0,0,0,1,1,0,64.4,3035.35
1,0,0,0,1,1,0,1,0,0,0,0,0,0,0,1,2,69.6,69.6
0,0,0,0,4,0,1,0,2,2,0,0,0,0,0,1,2,33.65,137.85
1,0,0,0,45,1,0,0,2,0,2,0,2,2,0,1,2,75.95,3273.8
0,0,0,0,23,1,2,0,2,0,0,0,0,0,0,0,2,54.4,1249.25
1,0,0,0,7,1,2,1,0,0,0,0,2,2,0,0,3,95.0,655.5
0,0,1,1,30,1,2,2,1,1,1,1,1,1,2,1,3,25.1,789.55
1,1,1,1,72,1,2,1,2,2,2,2,2,2,2,1,1,115.75,8399.15
1,1,1,1,71,1,0,1,2,2,2,0,0,0,1,1,0,86.7,6179.35
1,0,1,1,32,1,0,1,2,2,0,0,0,2,1,1,2,90.8,3023.85
1,0,0,0,58,1,0,2,1,1,1,1,1,1,2,1,0,19.15,1035.5
1,0,0,0,4,1,0,0,0,0,0,0,2,0,0,1,2,56.4,234.85
0,0,0,0,70,0,1,0,2,0,2,2,2,2,2,1,0,58.35,4214.25
0,0,0,1,62,1,2,2,1,1,1,1,1,1,2,0,0,26.0,1638.7
1,0,0,0,30,1,2,1,2,2,2,2,0,0,0,1,1,95.0,2852.4
0,0,1,0,71,0,1,0,2,2,2,2,2,2,1,0,0,66.8,4689.15
1,0,0,0,16,1,0,2,1,1,1,1,1,1,2,0,1,18.95,326.8
0,1,0,0,1,0,1,0,0,0,0,0,0,0,0,0,2,25.25,25.25
0,0,0,0,3,1,0,1,0,2,0,0,2,2,0,1,2,95.1,307.4
1,0,1,1,1,1,0,1,0,0,0,0,2,2,0,1,2,90.1,90.1
0,0,1,1,37,1,2,1,0,2,2,0,0,2,0,1,2,95.15,3532.85
1,0,1,0,17,1,2,1,2,2,2,0,0,0,0,0,1,90.2,1454.15
1,1,1,1,72,1,2,1,2,2,2,2,2,2,2,1,0,114.95,8196.4
0,0,0,0,30,1,2,0,2,0,2,0,2,2,1,1,1,79.3,2427.1
1,0,1,1,52,1,2,2,1,1,1,1,1,1,2,0,3,25.75,1345.85
1,0,1,1,31,1,2,0,2,2,0,2,0,2,1,1,0,75.25,2344.5
0,0,0,0,6,0,1,0,2,0,0,0,0,0,0,0,0,29.45,161.45
0,0,1,1,5,1,0,1,0,0,0,2,2,0,0,1,2,85.75,470.95
1,0,1,1,12,1,2,2,1,1,1,1,1,1,2,1,0,25.4,313.0
1,0,1,0,42,0,1,0,2,0,0,0,2,0,0,1,0,40.15,1626.05
1,1,0,0,18,1,2,1,0,0,0,0,2,2,0,1,2,95.45,1752.55
0,0,0,1,39,0,1,0,0,0,2,0,0,0,0,0,1,30.1,1131.3
1,0,1,1,49,1,2,1,0,0,0,0,2,0,0,0,2,84.5,4254.85
1,0,1,1,7,1,0,0,2,0,2,2,0,2,0,1,1,71.35,515.75
1,0,1,1,72,1,2,1,0,2,2,2,2,2,2,0,1,110.9,7922.75
0,0,1,0,3,1,2,1,0,0,0,0,0,0,0,1,1,74.75,229.5
0,0,0,0,56,1,0,2,1,1,1,1,1,1,2,1,0,19.55,1080.55
0,1,0,0,8,1,0,1,0,0,2,0,0,0,0,1,0,74.05,600.15
1,1,1,0,1,1,2,1,0,0,0,0,0,0,0,1,2,73.55,73.55
0,0,0,0,4,1,0,0,2,2,0,2,0,0,0,1,3,60.4,272.15
1,0,1,0,68,1,2,1,0,2,2,2,2,2,2,1,0,110.0,7611.85
1,0,1,1,71,1,2,1,2,2,2,2,2,2,2,1,0,114.0,8175.9
0,0,1,1,48,1,2,1,0,0,0,0,0,2,1,1,3,82.05,4029.95
1,0,1,1,14,1,0,0,2,2,0,0,2,0,0,1,2,65.45,937.6
0,0,1,0,13,1,2,1,0,2,2,0,2,0,0,0,2,94.1,1215.6
0,0,1,0,31,1,0,1,0,2,0,0,0,2,0,1,0,83.85,2674.15
0,1,1,0,32,1,2,1,0,0,2,0,0,0,0,0,3,79.3,2570.0
1,0,1,0,52,1,2,1,0,2,0,2,0,2,0,1,1,95.65,5088.4
1,0,1,1,2,1,0,0,0,0,0,0,0,0,0,1,2,44.5,90.05
0,1,0,0,28,1,2,1,0,0,2,2,2,2,0,1,2,103.3,2890.65
0,0,1,1,1,1,0,2,1,1,1,1,1,1,0,0,3,20.05,20.05
0,0,0,0,51,1,2,1,0,2,2,2,2,2,1,1,2,111.5,5703.25
0,1,1,0,55,1,2,1,0,2,2,0,0,0,0,1,2,85.45,4874.7
0,0,0,0,59,1,2,1,2,2,2,0,0,2,0,1,0,99.45,5623.7
0,0,0,0,1,1,0,2,1,1,1,1,1,1,0,0,3,20.35,20.35
1,1,1,0,51,1,2,1,2,0,2,0,0,2,1,1,0,93.65,4839.15
0,0,0,0,34,1,0,0,2,2,0,0,0,2,1,0,2,64.35,2053.05
1,0,1,1,22,1,0,2,1,1,1,1,1,1,1,0,3,19.95,433.5
0,0,0,0,72,1,0,1,2,2,2,2,2,2,2,1,2,109.9,7624.2
1,0,1,1,47,1,0,1,2,0,2,0,0,2,0,0,2,90.05,4137.2
0,0,0,0,3,1,2,1,0,0,0,0,0,0,0,1,1,75.1,270.7
1,0,1,0,71,1,2,0,0,2,2,2,2,2,2,0,1,84.2,5956.85
1,0,0,0,38,1,2,1,0,0,2,2,2,0,1,0,0,95.0,3605.6
0,0,0,0,12,1,0,2,1,1,1,1,1,1,0,0,3,20.4,266.6
0,0,1,1,56,1,2,2,1,1,1,1,1,1,2,1,1,24.95,1468.9
1,1,1,0,34,1,0,1,0,0,0,0,0,0,0,0,1,71.55,2427.35
1,1,1,0,71,0,1,0,0,2,2,0,2,2,0,1,0,52.3,3765.05
0,1,0,0,40,1,0,1,0,0,0,0,2,2,0,1,2,91.55,3673.6
0,0,0,1,1,1,0,1,0,0,0,0,2,2,0,1,2,89.35,89.35
1,0,0,0,34,1,2,1,0,2,0,2,2,2,0,1,2,105.35,3540.65
1,1,1,0,23,1,2,1,0,0,0,0,0,2,0,0,2,86.8,1975.85
0,0,0,0,8,1,2,1,0,0,0,0,0,0,0,1,2,75.25,576.7
1,0,1,1,39,1,0,1,0,2,0,0,2,0,0,1,3,86.3,3266.0
0,0,1,1,52,1,0,1,0,2,2,2,0,0,0,0,0,85.8,4433.3
1,0,1,0,72,1,2,0,2,0,2,2,2,2,2,0,1,86.65,6094.25
0,0,0,0,10,1,0,2,1,1,1,1,1,1,1,1,3,19.3,185.2
1,0,0,0,13,1,0,2,1,1,1,1,1,1,2,0,3,19.95,243.65
1,1,1,0,34,1,0,1,2,0,0,2,2,0,1,0,3,90.15,3128.8
0,1,1,0,36,1,2,1,0,2,0,0,2,0,0,1,1,91.95,3301.05
0,0,0,0,28,1,2,1,0,2,0,0,0,2,0,1,2,89.95,2625.55
1,0,0,0,57,1,0,2,1,1,1,1,1,1,2,0,1,18.8,1094.35
0,0,1,1,24,1,2,2,1,1,1,1,1,1,2,0,3,24.7,571.75
0,0,1,1,48,1,0,0,2,0,2,2,2,0,1,0,0,69.7,3023.65
0,0,1,1,13,1,0,2,1,1,1,1,1,1,2,1,0,19.75,246.7
0,1,0,0,1,1,0,1,0,0,0,0,0,0,0,1,2,69.95,69.95
1,0,0,0,20,1,0,0,0,0,0,2,0,0,0,0,3,50.0,1003.05
0,0,0,0,6,1,0,1,0,0,2,2,2,2,0,1,3,99.95,547.65
1,0,1,0,66,1,2,1,0,2,2,0,2,2,0,1,1,105.0,7133.25
0,0,1,1,70,1,2,1,2,2,2,2,2,2,2,1,0,114.2,7723.9
1,0,1,1,55,1,0,2,1,1,1,1,1,1,2,0,3,20.5,1177.95
0,0,1,1,38,1,0,2,1,1,1,1,1,1,2,1,3,20.2,746.05
1,0,1,1,5,1,0,2,1,1,1,1,1,1,0,0,3,19.45,86.05
1,0,0,0,3,0,1,0,0,2,0,0,0,0,0,1,2,29.6,79.45
0,0,1,1,61,1,2,2,1,1,1,1,1,1,2,1,3,24.1,1551.6
0,0,0,0,20,1,0,2,1,1,1,1,1,1,2,0,3,19.7,406.95
1,0,1,1,62,1,2,2,1,1,1,1,1,1,1,0,0,24.8,1476.25
0,0,0,0,25,1,2,2,1,1,1,1,1,1,2,0,1,24.75,692.1
0,0,0,0,11,1,0,0,0,0,0,2,2,2,0,0,3,70.5,829.3
0,0,1,1,23,1,2,2,1,1,1,1,1,1,2,0,3,23.85,625.65
1,1,1,0,46,1,0,1,0,0,0,0,0,2,0,1,2,80.4,3605.2
0,0,0,0,1,1,0,0,0,0,0,0,0,0,0,1,1,44.55,44.55
0,1,0,0,20,1,2,1,0,2,2,0,0,2,0,1,2,94.1,1782.4
1,0,1,0,63,1,2,1,0,2,2,0,2,2,0,1,2,102.4,6444.05
1,0,0,0,1,1,0,2,1,1,1,1,1,1,0,0,3,21.1,21.1
1,1,1,0,62,1,2,1,0,2,0,0,0,2,0,1,0,89.8,5629.55
0,0,0,0,16,1,0,1,0,2,2,0,0,2,0,1,1,93.2,1573.7
1,0,1,1,35,1,2,2,1,1,1,1,1,1,2,0,0,25.45,809.25
0,0,0,0,2,1,0,1,0,0,0,0,2,0,0,1,2,80.65,144.15
0,0,1,0,27,1,0,1,2,0,0,2,2,2,1,1,1,101.9,2681.15
0,0,0,0,42,1,0,0,2,2,2,2,0,2,1,0,1,73.9,3160.55
0,0,0,0,42,1,0,2,1,1,1,1,1,1,1,1,3,20.65,958.1
1,1,0,0,5,1,0,1,0,0,0,0,2,2,0,1,2,91.4,449.75
0,0,1,0,1,1,0,2,1,1,1,1,1,1,0,1,0,20.3,20.3
0,0,0,0,5,1,0,1,0,0,0,2,0,0,0,1,3,75.65,399.45
0,0,0,0,39,1,0,0,0,2,0,0,2,0,1,1,1,58.6,2224.5
1,1,0,0,5,1,0,1,0,0,0,0,0,0,0,1,3,71.45,371.6
0,1,0,0,2,1,0,1,0,0,0,0,0,0,0,1,2,69.6,131.65
0,0,0,0,2,1,2,1,0,0,2,0,2,0,0,1,2,91.4,193.6
0,0,0,0,1,1,0,0,0,0,0,0,0,0,0,0,1,43.95,43.95
1,0,1,0,71,1,2,1,0,2,2,0,2,2,1,1,0,105.7,7472.15
1,0,1,0,49,1,0,1,0,2,0,0,2,0,0,1,1,85.3,4297.95
1,1,1,0,71,1,2,2,1,1,1,1,1,1,2,0,1,25.45,1789.65
0,0,1,1,67,1,2,1,2,0,2,2,2,2,1,1,2,109.4,7281.6
0,0,1,0,72,0,1,0,2,2,2,2,2,2,2,0,0,65.5,4919.7
1,1,0,0,1,1,2,1,0,0,2,0,2,0,0,1,2,88.8,88.8
1,0,0,0,5,1,2,1,0,2,2,0,2,2,0,0,2,105.3,550.6
1,0,1,0,40,1,0,1,0,2,2,0,0,0,1,0,2,80.8,3132.75
1,1,0,0,25,1,2,1,0,2,2,0,2,2,0,0,3,105.95,2655.25
0,1,1,0,11,1,0,1,0,0,0,2,2,0,0,1,2,82.9,880.05
0,1,1,0,70,1,2,1,0,0,0,0,0,0,2,1,1,75.65,5411.4
1,0,1,1,8,1,0,2,1,1,1,1,1,1,2,0,1,19.6,125.0
0,0,0,0,15,1,0,2,1,1,1,1,1,1,0,0,3,19.6,299.4
1,0,1,1,49,0,1,0,0,2,0,0,2,2,1,1,0,51.8,2541.25
1,0,0,0,11,1,0,0,0,0,2,0,2,2,0,1,2,69.35,712.25
0,0,1,0,15,1,0,1,2,0,2,0,2,2,0,0,2,101.75,1669.4
0,0,1,1,1,1,0,2,1,1,1,1,1,1,0,0,2,19.25,19.25
0,0,1,1,58,1,2,2,1,1,1,1,1,1,2,0,1,25.15,1509.9
1,0,1,1,2,1,0,1,0,0,0,0,2,2,0,1,0,89.55,185.55
0,0,0,0,4,1,0,2,1,1,1,1,1,1,0,0,3,20.35,77.5
0,0,1,1,38,1,0,2,1,1,1,1,1,1,0,0,3,20.45,781.25
1,0,1,1,18,1,0,1,0,0,0,2,0,2,0,1,2,85.6,1601.5
0,0,1,1,3,1,0,2,1,1,1,1,1,1,2,0,3,19.1,52.0
1,0,1,1,2,1,0,0,2,2,0,2,0,0,2,0,3,59.5,130.5
0,0,0,0,1,1,2,1,0,0,0,0,2,2,0,1,2,93.85,93.85
1,0,0,0,15,1,2,0,0,2,0,2,0,0,0,1,1,58.6,939.7
0,0,1,0,4,0,1,0,0,0,0,0,0,0,0,1,2,25.15,99.95
1,0,0,0,1,1,0,1,0,0,0,2,0,0,0,0,2,74.0,74.0
0,0,0,0,10,1,2,1,2,0,0,0,2,2,0,1,2,98.7,973.25
0,1,0,0,15,1,2,1,0,0,0,0,0,0,0,1,3,74.45,1145.7
0,0,0,0,66,0,1,0,2,2,2,2,0,0,2,1,3,47.4,3177.25
1,1,1,0,52,1,2,1,0,2,2,0,2,2,1,1,0,105.1,5376.4
1,0,1,0,68,1,0,0,2,2,2,0,0,2,2,0,0,70.95,4741.45
1,1,1,1,41,1,2,1,0,2,2,2,2,2,1,1,2,111.95,4534.9
1,0,0,1,16,1,2,0,2,2,0,0,0,2,0,1,2,69.1,1083.7
0,0,1,1,28,1,2,1,0,0,0,2,0,2,1,1,2,90.45,2509.25
1,0,0,0,7,1,0,1,0,2,0,0,2,2,0,1,2,94.25,669.0
1,1,0,0,55,1,2,1,2,0,0,0,2,2,0,1,2,98.8,5617.75
0,0,0,0,67,1,0,0,2,2,0,2,0,0,1,0,1,60.5,3870.0
0,0,0,0,41,1,2,0,0,2,0,0,0,0,1,1,1,56.3,2364.0
0,0,0,0,45,1,2,1,2,2,2,2,2,2,0,1,2,115.65,5125.5
1,1,0,0,23,1,2,1,0,2,2,0,2,2,0,1,2,106.4,2483.5
1,0,0,0,1,1,0,1,0,0,0,2,0,0,0,1,3,74.3,74.3
1,0,1,0,42,1,0,2,1,1,1,1,1,1,2,0,2,20.25,835.5
1,0,1,1,17,1,2,1,0,0,0,0,2,2,0,1,2,92.55,1515.1
0,0,0,0,4,1,2,1,0,2,0,0,0,2,0,1,2,88.95,355.2
0,0,0,0,1,1,0,2,1,1,1,1,1,1,0,0,3,20.9,20.9
0,1,1,0,22,1,2,2,1,1,1,1,1,1,1,0,0,25.6,548.8
0,0,0,0,39,0,1,0,0,2,2,2,0,0,0,0,0,41.1,1597.05
0,0,1,0,56,1,0,1,0,0,2,2,2,2,0,1,2,98.7,5669.5
1,0,1,0,42,1,2,1,0,2,2,2,0,2,0,1,2,99.45,4138.05
0,0,1,1,16,1,2,1,0,2,0,0,0,0,0,1,1,79.95,1267.95
0,1,0,0,1,1,0,1,0,0,0,0,0,0,0,1,2,69.25,69.25
0,0,1,1,58,1,2,0,0,2,0,0,2,0,0,1,0,66.8,3970.4
0,0,0,0,28,1,0,0,0,2,0,2,0,0,0,0,0,54.65,1517.5
0,0,1,1,69,0,1,0,0,2,2,0,2,2,2,1,1,54.95,3772.5
0,0,0,0,13,0,1,0,0,2,0,0,0,0,0,1,2,31.05,347.25
1,0,1,1,1,1,0,1,0,0,0,0,2,2,0,0,3,89.15,89.15
0,0,1,1,61,1,0,0,0,0,2,2,2,2,2,1,0,73.8,4616.05
1,0,1,1,72,1,2,0,2,2,2,2,0,0,2,0,1,72.1,5016.65
1,0,1,0,3,1,0,0,0,0,2,2,0,0,0,1,3,55.8,154.55
0,0,0,0,6,1,0,1,0,0,0,0,2,2,0,0,2,89.3,577.6
1,0,0,1,23,1,0,2,1,1,1,1,1,1,1,0,3,19.8,465.45
1,0,0,0,8,1,0,2,1,1,1,1,1,1,0,1,1,20.45,162.3
1,1,1,1,38,1,2,1,0,2,0,0,2,2,0,0,2,101.15,3741.85
0,0,0,0,2,1,0,0,0,0,0,0,0,0,0,1,3,45.85,105.6
0,0,0,0,8,1,2,1,0,0,0,0,2,2,0,0,0,95.65,778.1
0,0,1,0,34,1,2,1,0,0,2,0,2,2,0,1,2,100.45,3414.65
1,0,1,0,34,1,2,1,0,2,0,0,0,2,0,0,3,88.85,3000.25
0,0,0,0,60,1,0,1,2,0,2,2,2,2,0,1,0,104.95,6236.75
1,0,0,1,66,1,0,0,0,2,2,2,2,2,2,1,1,79.5,5196.1
0,1,0,0,15,1,2,1,0,2,0,0,2,0,0,0,1,89.0,1288.3
0,0,0,0,13,1,0,1,0,0,0,0,0,0,0,1,3,70.15,886.7
1,0,0,0,7,0,1,0,0,0,0,0,0,0,1,1,1,24.35,150.85
1,0,1,0,67,1,0,1,2,2,2,2,2,2,2,1,2,111.05,7321.05
1,0,1,1,52,1,2,2,1,1,1,1,1,1,2,0,3,24.55,1331.05
1,0,0,0,65,1,2,2,1,1,1,1,1,1,2,1,0,25.1,1725.0
1,0,1,1,66,0,1,0,0,2,2,0,2,2,2,1,1,56.75,3708.4
1,0,0,0,57,1,2,1,0,0,0,2,2,0,2,1,1,90.45,5229.8
0,1,1,0,26,1,2,1,0,0,2,0,2,2,0,1,0,98.1,2510.7
0,0,0,0,1,1,0,1,0,0,2,0,0,0,0,1,2,74.9,74.9
0,0,0,1,2,1,0,0,2,0,0,0,0,2,0,1,1,61.2,125.95
0,1,0,0,27,1,2,1,2,2,2,0,2,2,1,1,0,110.5,2857.6
1,0,0,0,22,1,0,1,0,0,0,0,0,0,0,1,3,69.7,1490.4
1,0,1,1,9,1,2,1,0,0,2,0,0,0,0,1,0,79.35,661.25
0,0,1,0,42,1,2,0,0,0,0,0,0,0,0,1,2,50.25,2203.65
1,0,1,1,32,0,1,0,0,0,2,0,2,2,0,0,1,50.6,1653.45
0,0,1,1,19,1,0,2,1,1,1,1,1,1,0,0,3,20.2,382.2
0,0,0,0,16,1,2,0,0,0,2,0,0,2,0,1,1,65.2,1043.35
0,0,0,0,4,0,1,0,0,0,0,0,0,0,0,1,2,24.45,86.6
0,0,0,0,17,1,0,2,1,1,1,1,1,1,1,0,0,19.9,323.15
0,0,1,0,55,1,2,1,0,0,2,0,0,0,0,1,2,77.75,4458.15
1,0,0,0,38,1,2,1,2,2,0,0,2,2,1,1,2,104.85,3887.25
0,1,0,0,2,1,2,1,0,0,2,0,0,2,0,1,2,88.55,179.25
0,0,1,0,27,1,2,1,0,0,0,0,2,2,0,0,1,95.0,2462.55
1,0,1,0,50,1,0,2,1,1,1,1,1,1,2,0,3,20.55,1067.65
1,0,1,1,59,1,2,1,2,2,0,2,2,2,2,1,3,111.1,6555.2
0,0,1,1,52,1,2,1,0,2,2,0,2,0,1,1,1,95.7,4976.15
1,0,1,1,1,1,0,2,1,1,1,1,1,1,1,0,1,19.85,19.85
1,0,0,1,1,1,0,2,1,1,1,1,1,1,0,1,3,19.45,19.45
1,0,0,0,29,0,1,0,0,0,0,0,0,0,1,1,3,24.85,788.05
1,0,0,0,26,1,2,1,0,0,0,0,0,2,0,1,2,83.95,2254.2
1,0,0,0,63,1,2,1,0,2,0,0,0,2,1,0,1,90.45,5825.5
0,0,0,0,44,1,0,1,0,2,2,0,2,0,0,1,1,88.15,3973.2
0,0,0,0,10,1,2,1,0,0,2,0,2,2,0,1,2,100.6,1060.2
0,0,1,1,23,1,0,2,1,1,1,1,1,1,1,0,3,20.05,415.1
1,0,0,0,1,1,0,0,0,0,0,0,0,0,0,0,1,46.2,46.2
1,0,0,1,54,1,0,0,0,2,2,2,0,0,1,1,2,61.0,3283.05
1,0,0,0,16,1,2,1,0,2,0,0,0,0,0,1,3,80.55,1248.9
1,0,0,0,1,1,0,0,0,0,2,0,0,0,0,0,3,50.9,50.9
1,0,1,1,15,1,0,0,0,2,2,2,0,2,0,1,3,69.5,1071.4
0,1,1,0,1,1,0,0,2,0,0,0,0,0,0,1,2,49.55,49.55
1,0,1,1,53,1,2,1,0,2,2,0,2,2,1,1,2,105.25,5576.3
0,0,0,0,18,1,2,0,2,0,2,0,0,0,0,1,3,60.6,1156.35
1,0,1,0,51,1,0,0,2,2,2,2,2,2,2,1,1,83.25,4089.45
1,0,0,1,15,1,2,1,0,2,0,0,2,0,0,1,2,91.0,1430.05
1,0,1,0,24,1,2,0,2,0,0,2,0,0,1,1,2,58.35,1346.9
0,0,1,1,71,1,2,1,2,2,2,0,2,0,2,0,0,100.5,7030.65
0,1,1,0,27,1,2,1,2,0,0,2,2,2,0,1,0,104.3,2867.75
1,0,1,0,22,1,0,0,2,0,0,2,0,0,0,1,2,54.2,1152.7
0,1,0,0,17,1,2,1,0,0,2,0,0,0,0,1,1,82.65,1470.05
0,0,1,1,35,0,1,0,0,0,0,2,2,0,1,0,3,40.9,1383.6
0,0,0,0,29,1,0,1,0,0,0,0,2,0,0,1,2,78.9,2384.15
1,0,0,0,26,1,0,2,1,1,1,1,1,1,0,1,2,20.3,511.25
0,0,1,1,32,1,0,0,2,2,2,2,0,2,0,0,0,76.3,2404.15
1,0,1,1,22,1,0,0,0,0,0,2,0,0,0,1,2,51.1,1232.9
1,0,0,1,4,1,2,1,0,2,0,0,2,2,0,1,2,101.7,364.55
0,0,0,0,6,1,0,1,0,0,0,0,2,2,0,1,2,89.5,573.3
0,0,0,0,31,1,0,2,1,1,1,1,1,1,2,0,1,20.9,689.35
1,0,1,0,64,1,2,1,2,2,2,0,0,0,1,0,0,89.45,5692.65
1,0,0,0,1,1,0,1,0,2,0,0,0,0,0,1,2,74.35,74.35
1,0,1,1,61,0,1,0,2,0,2,0,0,0,0,0,0,33.6,2117.2
0,0,0,0,6,0,1,0,0,0,0,2,2,2,1,1,3,49.25,255.6
1,0,1,1,50,1,0,1,0,2,2,2,2,2,1,1,0,103.4,5236.4
0,0,0,0,9,1,0,0,0,0,0,2,2,0,0,1,0,59.5,530.05
1,0,0,0,11,1,0,2,1,1,1,1,1,1,2,0,1,19.55,223.15
1,1,1,0,27,0,1,0,0,0,0,0,0,2,0,0,0,36.5,1032.0
1,0,0,0,43,1,0,0,0,2,0,0,0,2,2,1,2,60.0,2548.55
1,0,1,1,47,1,2,1,0,2,0,0,2,0,0,0,2,87.2,4017.45
1,0,1,1,3,1,0,0,0,0,2,0,0,0,0,1,2,50.15,168.15
0,0,0,0,65,1,2,1,0,2,0,2,2,2,1,1,0,105.05,6744.25
1,0,0,0,19,0,1,0,0,0,0,0,0,0,0,1,0,25.15,468.35
0,0,0,1,43,1,2,2,1,1,1,1,1,1,2,1,2,25.1,1070.15
0,1,0,0,66,1,2,1,0,2,2,0,2,2,1,0,0,108.1,7238.6
0,0,0,0,60,1,2,0,0,0,2,2,2,2,1,0,1,80.55,4847.05
0,1,0,0,8,1,2,1,0,0,2,0,2,2,0,0,2,101.35,780.5
1,0,0,0,55,1,0,1,2,2,0,0,2,2,1,1,3,100.9,5552.05
1,1,1,0,35,1,2,1,2,2,0,0,0,2,0,1,2,94.55,3365.4
0,1,1,1,40,1,2,1,0,0,0,0,2,2,0,1,1,94.55,3640.45
0,0,1,0,3,1,2,1,0,0,0,0,0,0,0,1,1,75.15,216.75
1,0,1,1,70,1,2,1,0,2,0,0,2,2,2,0,0,98.3,6859.5
1,0,0,0,1,1,0,2,1,1,1,1,1,1,0,0,2,20.65,20.65
1,0,0,0,13,1,0,1,0,0,0,0,2,2,0,1,2,91.1,1135.7
1,0,0,1,45,1,2,1,0,0,2,0,2,2,2,0,0,99.7,4634.35
0,0,0,0,3,1,0,2,1,1,1,1,1,1,0,0,3,19.85,63.75
1,0,0,0,68,1,2,0,2,2,2,0,0,2,1,1,1,76.9,5023.0
1,0,0,0,4,1,0,0,0,0,0,0,0,0,0,1,2,45.9,199.75
0,1,1,0,50,1,2,1,0,0,0,2,2,2,1,1,2,100.65,5189.75
0,0,1,0,10,1,2,1,2,0,0,0,0,0,0,1,1,78.15,765.15
0,0,0,0,7,1,2,1,0,0,0,0,0,0,0,1,2,75.35,564.65
1,0,0,0,52,1,2,1,2,0,2,2,2,2,2,1,2,109.3,5731.4
1,0,0,0,5,1,0,2,1,1,1,1,1,1,0,1,3,19.25,86.05
1,0,1,0,2,1,0,1,0,0,0,2,2,2,0,1,2,94.2,167.5
1,0,0,0,1,1,2,0,0,0,2,0,0,0,0,0,2,54.35,54.35
0,0,0,0,31,0,1,0,2,2,0,2,0,2,2,1,0,49.85,1520.1
0,1,1,0,18,1,2,1,0,0,0,2,2,2,0,0,0,99.75,1836.25
0,0,1,0,34,1,0,0,0,0,0,2,0,0,0,0,0,50.2,1815.3
1,0,1,0,66,0,1,0,2,2,2,2,2,0,2,1,0,56.6,3789.2
0,0,1,0,20,1,0,1,0,0,2,2,0,0,0,1,3,81.0,1683.7
1,1,1,0,1,1,2,1,0,0,0,0,2,0,0,1,2,86.05,86.05
0,0,1,0,8,1,0,1,0,2,2,0,2,2,0,0,2,101.15,842.9
1,0,1,1,30,1,2,1,0,0,0,0,2,0,0,0,2,85.45,2509.95
1,1,0,0,2,1,0,0,0,0,2,0,0,0,0,0,3,49.95,107.1
0,0,0,0,10,0,1,0,2,2,2,0,0,0,0,0,0,40.7,449.3
0,1,0,0,8,1,2,1,0,2,2,0,2,2,0,1,2,105.5,829.55
1,0,1,1,67,1,0,2,1,1,1,1,1,1,2,1,3,20.8,1411.9
0,1,1,0,72,1,2,1,2,0,2,2,2,2,2,1,3,109.75,8075.35
0,1,0,0,66,1,2,0,2,2,0,2,0,0,1,1,1,63.85,4174.35
1,0,0,0,1,1,2,0,2,2,0,0,0,0,0,0,2,61.15,61.15
0,0,0,0,61,1,2,1,2,2,2,2,2,2,1,1,2,118.6,7365.7
1,0,0,0,67,1,0,0,2,0,2,0,0,2,2,0,0,65.55,4361.55
0,0,1,0,37,0,1,0,2,0,0,2,2,0,2,0,2,45.4,1593.1
1,0,0,1,53,1,0,1,2,2,2,0,0,2,1,0,2,95.95,5036.9
1,0,1,1,43,1,2,0,2,0,0,2,0,2,1,1,1,71.9,3173.35
0,0,0,0,3,1,0,2,1,1,1,1,1,1,0,0,3,18.8,56.0
1,0,0,0,63,1,2,1,0,2,2,0,2,2,2,1,0,104.75,6536.5
0,0,1,0,11,1,0,0,0,0,0,0,0,0,0,1,2,44.05,483.7
0,0,1,1,28,1,0,1,2,0,0,0,0,2,1,1,0,82.85,2320.8
0,0,0,0,5,1,0,1,0,0,0,0,0,2,0,1,2,80.0,412.5
0,1,0,0,30,1,2,1,0,2,2,0,2,2,0,1,2,104.1,3121.1
1,0,0,0,2,1,0,1,0,0,2,0,0,2,0,1,2,85.85,167.3
1,1,1,0,72,0,1,0,2,2,2,2,2,2,2,1,1,64.95,4546.0
0,0,0,0,3,1,0,2,1,1,1,1,1,1,0,0,3,20.0,63.6
0,1,1,0,5,1,2,1,0,0,0,0,0,0,0,1,2,74.35,334.8
1,0,1,0,71,1,0,1,0,2,2,2,2,2,2,1,2,105.25,7291.75
1,0,0,0,72,0,1,0,2,2,2,2,2,2,2,1,0,65.55,4807.45
1,0,1,1,68,1,2,0,2,2,2,2,2,2,2,1,1,88.85,6132.7
0,0,1,0,58,1,2,0,0,2,0,2,0,0,2,1,1,59.9,3505.1
0,1,0,0,1,1,0,1,0,0,0,0,2,2,0,1,2,91.3,91.3
1,0,1,0,67,1,2,0,2,2,2,2,0,0,2,0,1,70.9,4677.1
1,1,0,0,16,1,2,1,0,0,0,0,2,0,0,1,2,86.6,1281.0
1,1,1,0,64,1,0,1,2,0,2,0,0,0,1,0,1,80.3,5017.7
1,0,0,0,60,1,0,0,2,2,2,0,0,0,2,0,2,61.4,3638.25
1,0,0,1,52,1,0,2,1,1,1,1,1,1,1,0,1,19.65,928.4
1,0,1,1,46,1,0,2,1,1,1,1,1,1,1,1,0,20.2,845.6
1,1,1,0,67,1,0,0,2,2,0,2,0,0,1,1,0,60.95,4119.4
1,0,1,0,22,1,0,1,2,2,0,2,2,2,0,1,2,104.6,2180.55
1,1,0,0,24,1,0,1,0,0,0,0,0,0,0,0,1,70.0,1732.6
1,1,1,0,11,1,0,2,1,1,1,1,1,1,0,0,3,19.95,214.75
0,1,1,0,66,1,2,0,0,2,2,0,2,0,1,1,0,70.85,4738.85
0,0,1,1,8,1,0,1,0,2,0,0,2,0,0,1,2,83.55,680.05
0,0,1,0,71,1,0,0,0,2,2,2,2,2,2,1,1,80.7,5705.05
1,0,1,0,31,1,2,0,0,0,0,0,2,0,0,1,1,59.05,1882.8
0,0,1,0,26,0,1,0,2,2,2,0,2,0,1,0,0,47.85,1190.5
0,0,1,1,49,0,1,0,2,0,0,2,0,0,1,1,1,35.8,1782.0
1,0,0,0,1,1,0,1,0,0,0,0,0,0,0,0,3,69.4,69.4
0,0,0,0,38,1,2,0,2,2,2,0,2,2,1,0,0,84.1,3187.65
1,0,1,1,62,1,0,2,1,1,1,1,1,1,2,0,1,20.05,1263.9
1,0,0,1,15,1,0,0,2,0,2,0,0,2,1,0,3,64.85,950.75
1,0,1,0,32,1,2,0,2,0,0,2,2,0,1,1,1,72.8,2333.05
0,0,1,1,13,1,0,2,1,1,1,1,1,1,0,0,3,18.8,251.25
1,0,0,0,22,1,2,0,2,2,0,0,0,0,0,0,2,59.0,1254.7
1,0,0,0,11,1,2,2,1,1,1,1,1,1,0,0,1,23.15,245.2
0,0,1,1,1,1,0,1,0,0,0,0,0,0,0,1,3,69.1,69.1
0,0,1,1,69,1,2,1,2,0,2,0,0,0,1,0,0,84.45,5848.6
0,0,1,1,32,0,1,0,2,2,0,0,0,0,0,1,2,35.15,1051.05
1,0,1,0,36,1,2,1,0,0,0,0,2,2,0,1,2,95.4,3474.2
1,0,0,0,44,0,1,0,2,0,2,0,2,2,1,1,2,54.0,2440.25
0,0,1,0,37,1,2,1,0,0,2,0,0,0,0,1,1,78.95,2839.65
1,0,1,1,24,1,2,0,2,0,0,2,2,2,0,0,0,81.0,1923.85
1,0,1,1,62,1,0,0,2,0,2,2,0,2,1,0,1,71.4,4487.3
0,0,0,0,1,1,0,0,0,0,2,2,2,2,1,0,1,74.1,74.1
0,0,1,1,69,1,0,2,1,1,1,1,1,1,2,0,0,19.7,1396.9
0,1,0,0,1,1,0,1,0,2,0,0,0,0,0,1,2,73.0,73.0
1,0,0,0,14,1,0,1,0,0,2,0,0,0,0,0,2,76.45,1117.55
1,1,1,0,58,1,2,1,0,2,0,0,2,2,0,1,2,98.9,5780.7
1,0,0,1,38,1,2,1,0,2,0,0,0,0,0,1,3,81.85,3141.7
1,0,1,0,57,1,0,0,2,0,0,2,0,0,0,0,2,55.7,3171.6
1,0,0,0,6,1,0,2,1,1,1,1,1,1,0,0,3,18.95,110.15
0,0,1,1,14,1,2,2,1,1,1,1,1,1,0,0,3,25.55,372.45
0,1,1,0,43,1,2,1,0,0,2,2,2,2,1,1,2,107.55,4533.9
0,0,0,0,62,1,2,1,2,2,2,0,0,0,1,1,2,92.05,5755.8
0,0,0,1,67,1,2,1,0,2,0,2,2,2,1,1,0,106.6,7244.7
1,0,1,1,51,1,2,1,0,2,0,2,0,0,1,0,0,84.2,4299.75
1,0,1,1,72,1,0,2,1,1,1,1,1,1,2,0,2,20.55,1432.55
1,0,0,0,24,1,0,0,2,0,0,0,0,0,0,1,0,49.55,1210.4
0,0,1,1,9,1,0,0,2,2,2,2,0,0,0,0,3,65.0,663.05
0,0,1,0,55,1,2,1,0,2,0,0,0,0,0,1,1,77.75,4266.4
1,0,0,0,26,1,0,2,1,1,1,1,1,1,1,1,1,20.65,595.5
1,1,0,0,65,1,2,1,2,0,2,2,2,2,2,1,2,110.35,7246.15
1,1,1,0,30,1,2,0,0,0,2,0,2,2,2,0,2,74.85,2181.75
1,0,0,0,30,1,0,1,0,2,0,0,2,2,1,1,0,97.0,3021.3
0,0,1,0,12,1,2,0,2,0,2,0,2,2,1,0,2,78.85,876.75
0,0,1,1,17,1,0,0,2,2,0,0,2,2,0,0,3,74.55,1215.8
1,1,1,0,71,1,2,1,2,2,2,2,0,0,1,1,2,92.0,6585.2
0,0,1,0,16,1,2,1,0,0,0,0,2,0,0,1,2,84.95,1378.25
0,0,0,0,1,1,0,1,0,0,0,0,2,0,0,1,2,79.65,79.65
0,0,1,0,15,1,0,2,1,1,1,1,1,1,0,0,1,20.45,330.8
1,1,1,0,63,1,0,0,2,2,2,2,2,2,1,1,0,84.0,5329.55
0,0,0,0,35,1,0,1,0,0,2,2,2,2,1,1,2,99.25,3532.0
1,0,1,1,72,1,0,2,1,1,1,1,1,1,2,1,1,19.8,1414.65
1,0,1,1,9,1,0,1,0,2,0,2,2,2,0,1,2,101.5,906.85
0,0,1,0,66,1,2,1,2,2,0,2,0,0,1,0,2,89.0,5898.6
1,0,0,0,4,1,2,1,0,0,0,0,0,2,0,1,2,85.65,338.9
1,0,1,1,70,1,2,0,2,2,2,2,2,0,2,1,0,79.25,5731.85
1,1,0,0,9,1,2,0,2,0,0,0,0,0,0,0,2,54.55,494.05
0,0,1,1,72,1,2,1,2,2,2,2,2,0,2,0,1,106.1,7657.4
1,0,1,1,50,1,2,1,0,2,0,2,2,2,0,0,2,103.7,5071.05
1,0,1,0,51,1,2,1,2,2,0,0,0,2,1,1,1,96.4,4911.05
1,1,1,1,64,1,2,2,1,1,1,1,1,1,2,1,0,24.4,1548.65
1,0,0,0,8,1,2,1,0,0,0,0,0,2,0,1,2,86.55,649.65
0,1,0,0,26,1,0,1,2,0,0,0,2,0,0,1,1,85.8,2193.65
1,0,0,1,1,1,0,2,1,1,1,1,1,1,0,1,3,21.05,21.05
1,0,1,1,6,1,0,2,1,1,1,1,1,1,0,0,3,19.55,122.9
1,0,0,0,12,0,1,0,2,2,0,2,2,0,0,1,0,50.95,605.75
0,0,1,0,71,1,0,2,1,1,1,1,1,1,2,0,1,19.85,1379.6
1,0,1,1,7,0,1,0,2,2,2,0,2,2,0,0,3,58.85,465.7
1,1,1,0,17,1,2,1,0,0,0,0,2,2,0,1,2,94.8,1563.9
0,0,0,0,8,1,0,1,0,2,0,0,0,0,0,0,2,75.6,535.55
0,0,1,0,71,1,2,0,2,2,2,2,2,2,2,0,0,87.95,6365.35
1,0,1,0,36,0,1,0,2,0,2,0,0,0,1,0,3,35.35,1317.95
1,0,0,0,1,1,0,2,1,1,1,1,1,1,0,0,3,20.05,20.05
0,0,1,1,23,1,2,2,1,1,1,1,1,1,2,0,3,25.1,611.45
1,0,0,0,15,1,2,2,1,1,1,1,1,1,0,1,2,26.35,378.6
0,1,1,0,48,1,2,1,2,2,2,2,2,2,0,0,2,117.45,5438.9
0,1,1,0,71,1,2,1,2,2,2,2,0,0,2,1,1,96.35,6766.95
0,0,0,0,2,1,0,1,0,0,0,0,0,0,0,0,2,68.95,119.75
0,0,0,0,1,1,0,1,0,0,0,0,0,0,0,1,2,69.5,69.5
0,1,0,0,16,1,0,1,0,0,0,2,2,2,0,1,2,94.45,1511.2
1,1,1,0,22,1,0,1,0,0,0,0,2,2,0,1,0,89.75,1938.9
0,0,0,0,41,1,0,2,1,1,1,1,1,1,2,0,3,20.0,810.3
1,0,1,0,60,1,0,0,2,2,0,2,0,0,2,1,3,61.35,3766.2
1,0,1,0,60,0,1,0,0,2,2,2,2,2,0,1,0,60.2,3582.4
1,0,1,1,72,1,2,2,1,1,1,1,1,1,2,0,1,24.75,1859.1
0,0,1,0,59,1,2,1,2,2,0,0,2,0,0,1,2,94.75,5597.65
0,0,0,0,21,1,0,1,0,2,0,2,2,2,0,1,0,99.15,1956.4
1,0,1,1,69,1,2,1,0,0,2,0,0,0,2,1,1,79.2,5420.65
0,0,1,0,34,1,2,1,0,0,0,0,2,2,0,1,2,97.65,3207.55
1,0,1,0,32,1,0,0,2,2,0,2,0,2,1,0,3,70.5,2201.75
0,0,1,1,39,1,0,0,2,0,0,0,0,0,0,0,1,51.05,2066.0
1,1,0,0,32,1,0,2,1,1,1,1,1,1,1,0,1,19.8,587.7
1,0,1,0,3,1,0,2,1,1,1,1,1,1,0,1,1,20.55,51.15
0,0,0,0,1,1,0,1,0,0,0,0,0,0,0,0,3,70.75,70.75
0,0,0,0,2,1,0,0,0,2,0,0,0,0,0,1,1,49.05,91.1
0,0,0,0,19,1,0,0,0,2,0,0,2,0,1,0,2,58.2,1045.25
0,0,0,0,41,1,0,2,1,1,1,1,1,1,1,1,3,19.75,806.95
1,0,1,0,56,1,2,1,2,2,2,0,0,0,1,1,2,93.15,5253.95
0,0,0,1,11,1,0,2,1,1,1,1,1,1,0,0,1,20.1,221.35
1,0,1,0,42,1,2,1,0,2,2,0,2,0,0,1,0,95.25,3959.35
0,0,1,1,51,1,0,0,2,2,2,2,2,2,2,0,1,85.5,4421.95
1,0,1,1,48,1,2,1,2,2,2,2,2,2,2,0,1,111.8,5443.65
1,0,1,0,27,1,2,0,2,0,0,2,2,2,1,0,3,80.85,2204.35
1,0,0,0,19,1,0,2,1,1,1,1,1,1,1,1,1,19.7,386.5
1,0,1,1,2,1,0,1,0,0,2,2,0,2,0,0,1,90.0,190.05
1,1,0,0,71,1,2,1,0,2,0,2,2,2,1,0,0,105.75,7382.85
1,0,0,0,15,0,1,0,0,0,0,2,0,0,0,1,2,29.7,438.25
0,1,0,0,38,1,2,1,0,0,0,2,2,2,0,1,2,99.55,3734.25
1,0,0,0,51,1,2,1,0,0,2,0,0,0,0,0,1,80.0,4242.35
0,1,1,0,53,1,2,1,0,0,0,0,2,2,1,1,1,95.85,5016.25
1,0,1,0,65,1,2,1,2,2,2,0,0,0,1,0,2,89.75,5769.6
0,0,0,0,1,1,0,1,0,2,0,0,0,0,0,0,2,75.8,75.8
0,0,0,0,30,1,0,0,2,2,2,2,2,0,1,0,1,74.65,2308.6
0,0,0,0,7,1,0,0,2,2,2,0,0,0,0,0,2,61.4,438.9
0,0,1,0,25,1,2,0,0,2,0,0,0,0,0,0,2,54.1,1373.0
1,0,1,0,72,1,2,1,2,2,0,2,0,2,2,1,0,100.55,7325.1
1,0,1,1,69,1,2,0,2,0,2,2,2,2,2,0,0,86.9,6194.1
0,0,1,1,55,1,0,2,1,1,1,1,1,1,2,0,3,20.3,1079.05
1,0,0,1,5,1,0,2,1,1,1,1,1,1,0,0,1,20.35,122.0
1,0,0,0,8,1,2,1,0,0,0,0,0,2,0,0,0,84.5,662.65
0,0,0,0,9,1,0,1,0,0,0,0,2,0,0,1,0,77.65,714.15
1,0,1,0,40,1,2,1,0,2,2,0,2,2,1,1,0,106.0,4178.65
1,0,0,0,4,1,0,0,0,0,0,0,0,2,0,1,2,55.9,238.5
0,0,1,0,17,1,0,2,1,1,1,1,1,1,1,0,3,19.35,307.0
1,0,1,1,70,1,2,0,2,2,2,2,2,2,2,1,1,90.15,6237.05
0,0,0,0,35,1,0,0,0,0,2,0,0,2,0,1,2,62.1,2096.1
1,0,0,0,39,1,2,1,0,0,0,0,0,0,0,0,2,75.25,3017.65
1,0,1,0,61,1,2,1,2,0,2,2,2,0,0,0,0,99.4,5943.65
1,0,0,0,56,1,0,0,2,0,2,0,0,0,1,0,3,52.7,3019.7
1,0,0,0,1,1,0,2,1,1,1,1,1,1,0,0,3,20.25,20.25
1,1,1,0,50,1,2,1,2,0,2,0,2,2,2,1,1,105.05,5163.3
1,0,1,0,35,1,2,1,0,0,0,0,0,0,0,1,2,75.2,2576.2
0,0,0,0,33,1,2,1,0,0,0,0,0,2,0,1,2,83.35,2757.85
1,0,1,1,53,1,2,0,2,2,0,2,0,0,1,0,0,64.15,3491.55
0,0,1,0,1,1,0,0,0,0,0,0,2,0,0,1,3,55.3,55.3
0,0,1,0,62,1,2,1,0,0,2,0,2,2,0,1,2,101.35,6164.7
1,0,1,1,72,1,2,2,1,1,1,1,1,1,2,0,0,24.75,1769.6
0,0,0,0,16,1,2,1,0,0,2,0,0,2,0,1,2,88.45,1422.1
1,0,1,1,42,1,2,1,2,0,0,0,2,2,1,0,2,97.1,4016.75
0,0,0,0,8,0,1,0,0,2,0,0,0,0,0,1,3,29.25,226.95
0,0,1,1,16,1,0,1,0,2,2,0,2,0,0,1,1,89.45,1430.25
0,0,1,0,26,1,2,1,0,2,0,0,0,0,0,0,0,79.3,2015.8
1,1,1,0,45,1,2,2,1,1,1,1,1,1,1,0,1,24.7,1174.35
0,0,0,0,20,1,0,2,1,1,1,1,1,1,1,0,3,19.5,403.15
1,0,0,0,41,1,0,1,0,0,0,2,0,0,0,1,2,74.25,3089.1
1,1,0,0,12,0,1,0,0,2,0,0,0,0,0,1,1,29.35,381.2
0,0,1,1,17,1,2,1,0,0,2,0,2,0,0,0,2,88.25,1460.65
1,0,0,0,54,1,0,2,1,1,1,1,1,1,2,0,3,20.0,1149.65
1,0,1,1,13,1,0,2,1,1,1,1,1,1,0,1,3,19.85,252.0
1,0,0,0,1,1,0,0,0,0,0,0,0,0,0,0,2,45.3,45.3
1,0,1,1,6,1,0,2,1,1,1,1,1,1,2,1,1,20.4,107.6
0,0,0,0,3,1,2,0,0,0,0,0,2,0,0,1,2,60.25,170.5
1,0,1,1,53,1,0,1,0,2,0,2,2,0,0,1,2,92.55,4779.45
0,0,0,0,72,1,2,1,2,2,2,0,2,0,2,1,0,101.3,7261.25
0,0,0,0,39,1,0,2,1,1,1,1,1,1,2,0,3,20.15,826.0
0,0,1,0,9,1,0,1,0,0,0,0,0,2,0,1,2,79.75,769.1
0,0,0,0,5,1,0,1,0,2,0,0,2,2,0,1,2,96.25,512.45
0,0,1,1,70,1,2,0,2,2,2,2,2,0,2,0,0,79.7,5743.3
1,0,1,0,1,1,0,1,0,0,0,0,0,0,0,1,2,69.15,69.15
1,0,1,0,72,1,2,0,0,2,2,0,2,2,2,0,0,82.15,5784.3
1,0,1,0,9,1,0,0,2,2,0,2,2,0,0,1,3,68.95,593.85
0,0,0,0,18,1,0,2,1,1,1,1,1,1,0,1,3,19.55,389.25
1,1,0,0,13,1,0,0,0,2,0,0,2,0,0,1,2,59.9,788.35
1,0,0,0,6,1,0,0,0,0,0,0,0,0,0,0,2,44.75,270.95
0,0,0,0,70,0,1,0,2,2,2,2,0,0,2,1,0,44.6,3058.15
0,0,0,0,4,1,2,1,0,0,0,0,0,0,0,0,2,75.35,338.1
1,0,0,0,16,1,0,2,1,1,1,1,1,1,0,1,3,19.7,342.4
1,0,0,0,11,1,0,0,0,2,0,0,2,0,1,1,2,61.25,729.95
0,0,1,0,1,0,1,0,0,2,0,0,0,0,0,1,2,29.85,29.85
1,0,0,0,1,0,1,0,0,0,0,0,0,2,0,1,0,35.25,35.25
1,0,0,0,63,1,0,0,2,2,2,2,2,2,2,1,0,86.7,5309.5
1,0,0,0,11,1,0,1,0,2,0,0,0,0,0,1,3,75.9,866.4
0,0,0,0,72,1,2,1,0,2,2,2,2,2,2,1,1,108.05,7806.6
1,0,0,0,29,1,0,0,2,2,0,2,0,0,1,1,2,58.75,1696.2
0,0,0,1,1,1,0,1,0,0,0,0,0,2,0,0,2,78.65,78.65
1,0,0,0,35,1,2,0,2,0,2,0,0,0,0,1,2,59.6,2094.9
0,0,0,0,5,1,2,2,1,1,1,1,1,1,0,0,3,25.45,134.75
1,1,1,0,15,1,2,1,2,0,2,0,2,0,0,1,2,96.5,1392.25
1,0,1,1,45,1,0,0,2,2,2,2,2,2,2,1,3,84.35,3858.05
0,0,1,0,4,1,0,2,1,1,1,1,1,1,1,0,0,20.5,79.05
1,1,0,0,72,1,2,2,1,1,1,1,1,1,2,0,0,25.4,1809.35
0,0,1,1,3,1,0,2,1,1,1,1,1,1,0,0,3,19.65,60.65
0,0,0,0,54,1,0,2,1,1,1,1,1,1,2,1,3,20.5,1035.7
1,0,0,0,2,1,0,1,0,0,0,0,0,0,0,0,1,70.7,140.7
1,0,0,0,63,1,2,0,2,0,2,2,0,2,2,1,0,71.9,4479.2
1,0,0,0,1,1,0,2,1,1,1,1,1,1,0,0,0,20.95,20.95
0,0,0,0,28,1,0,0,2,0,0,2,0,0,1,0,3,54.3,1546.3
1,1,1,0,72,1,2,0,0,2,2,2,2,0,2,0,1,77.35,5396.25
1,0,0,0,15,1,2,1,0,2,0,2,0,2,0,0,2,95.7,1451.1
1,0,0,0,69,1,2,1,2,2,2,0,2,2,2,1,1,110.05,7430.75
1,1,1,0,71,1,2,1,2,2,2,0,2,2,0,1,2,107.5,7713.55
1,0,0,1,51,1,0,0,0,0,0,2,0,0,1,0,1,47.85,2356.75
0,0,1,1,9,1,0,2,1,1,1,1,1,1,2,0,3,19.75,210.65
1,0,1,0,71,1,2,1,0,2,2,0,0,2,0,1,0,93.25,6669.45
1,1,0,0,47,1,2,0,0,2,0,2,0,0,2,0,0,59.6,2754.0
1,0,0,0,35,0,1,0,0,0,2,0,2,2,0,0,2,49.2,1701.65
0,0,1,0,3,1,0,0,0,0,0,0,0,0,0,1,3,46.1,130.15
0,0,1,1,15,1,0,2,1,1,1,1,1,1,1,0,3,20.55,295.95
1,1,1,0,33,1,2,1,2,0,2,2,2,2,0,1,0,109.9,3694.7
1,0,0,0,2,1,0,0,0,0,0,0,0,0,0,0,2,44.35,81.25
0,0,0,0,1,1,0,0,0,0,0,0,0,0,0,0,3,44.75,44.75
1,1,1,0,70,1,2,0,2,2,2,2,2,2,2,1,1,88.55,6306.5
1,0,0,0,66,1,2,0,2,2,2,0,0,2,2,1,1,74.6,4798.4
0,0,0,1,41,1,0,0,0,0,0,0,0,0,0,0,0,45.2,1841.9
1,0,0,0,72,0,1,0,2,2,2,2,2,2,2,1,0,65.6,4566.5
1,0,1,1,72,1,2,0,2,2,2,2,2,2,2,1,3,89.4,6376.55
1,0,1,0,10,1,0,1,0,0,0,0,0,0,0,1,2,70.1,659.65
1,0,1,0,51,0,1,0,0,2,0,0,0,0,0,1,1,30.05,1529.45
0,0,0,0,27,1,0,1,0,0,2,2,0,2,0,1,2,89.2,2383.6
0,0,0,1,43,1,0,1,2,2,0,2,2,2,1,1,1,106.0,4532.3
0,0,1,0,1,1,0,0,0,0,0,0,0,0,0,1,2,45.0,45.0
1,0,1,1,24,1,0,0,2,0,2,0,0,0,1,1,1,56.25,1454.25
0,0,1,0,7,1,0,1,0,0,2,0,0,0,0,1,0,75.15,496.9
0,0,0,0,41,1,0,0,2,0,2,2,2,2,1,1,0,79.85,3320.75
0,0,0,0,3,1,0,1,0,0,0,0,0,0,0,1,2,70.25,229.7
0,0,1,0,52,1,0,0,2,0,2,0,2,0,1,1,3,64.3,3410.6
0,0,0,0,1,1,2,1,0,0,0,0,2,2,0,1,2,94.6,94.6
1,1,0,0,26,1,2,1,0,0,0,0,2,2,0,1,2,93.6,2404.1
0,0,0,0,14,1,0,1,0,2,0,0,0,2,0,1,2,86.3,1180.95
1,1,1,0,9,1,0,2,1,1,1,1,1,1,1,0,1,19.85,183.15
1,0,0,0,40,1,2,1,0,0,0,0,2,0,0,1,2,84.9,3369.05
0,0,1,0,63,1,2,1,0,0,0,2,0,0,1,1,1,81.2,4965.1
0,0,1,0,32,1,0,1,2,0,0,0,0,0,0,1,0,75.5,2324.7
0,1,1,1,28,0,1,0,0,0,0,0,2,0,0,1,2,35.9,973.65
1,1,1,0,62,1,2,1,2,2,2,0,0,0,0,1,2,89.1,5618.3
1,0,1,1,9,1,0,0,0,2,0,2,0,0,0,0,3,54.8,452.8
0,0,1,0,60,0,1,0,0,2,2,2,2,2,2,0,1,60.8,3603.45
1,0,1,1,69,1,2,2,1,1,1,1,1,1,2,1,0,26.0,1796.55
0,0,0,0,23,1,0,1,0,2,0,2,0,0,0,1,3,79.1,1783.75
1,0,0,0,2,1,0,0,2,0,0,0,0,0,0,1,2,47.8,92.45
1,0,1,0,70,1,2,1,2,2,2,2,2,2,2,0,1,114.3,8244.3
0,1,1,0,67,1,2,1,2,0,2,0,2,2,1,1,1,107.05,7142.5
1,0,0,0,38,1,2,1,0,2,2,0,0,2,0,1,1,95.1,3691.2
0,0,1,0,64,1,2,2,1,1,1,1,1,1,2,0,3,25.55,1714.95
1,0,1,0,51,1,2,1,2,0,2,2,2,2,1,1,2,111.55,5720.35
0,0,0,0,1,1,0,1,0,0,2,0,0,0,0,1,3,74.6,74.6
0,0,0,0,46,1,2,1,0,0,2,0,2,2,1,1,2,101.1,4674.4
1,0,1,1,36,1,0,0,2,2,0,0,0,0,1,0,3,53.65,1939.35
0,0,1,0,64,1,0,0,0,2,2,2,0,2,2,1,3,68.3,4378.8
0,0,1,1,55,1,2,0,2,2,0,2,2,0,1,1,1,75.0,4213.9
1,0,1,0,16,1,2,1,0,0,0,0,0,0,0,1,0,73.85,1284.2
1,0,1,1,68,1,0,2,1,1,1,1,1,1,2,0,0,19.95,1377.7
1,0,0,1,40,1,0,2,1,1,1,1,1,1,1,1,0,20.4,854.9
1,0,1,1,2,1,0,2,1,1,1,1,1,1,1,0,3,20.2,34.75
0,1,0,0,31,1,2,1,0,2,0,0,2,2,0,1,2,99.95,3186.65
1,0,1,0,36,1,2,1,0,0,0,0,2,2,0,1,0,95.0,3440.25
1,1,1,0,59,1,2,1,0,0,0,0,2,2,0,1,0,93.85,5574.75
1,0,1,1,70,1,2,2,1,1,1,1,1,1,2,0,1,25.15,1790.15
1,0,1,1,72,1,2,0,2,0,0,0,0,0,2,0,0,55.3,3983.6
0,0,0,0,2,1,0,0,0,0,0,0,0,0,0,0,2,45.55,84.4
1,0,1,0,15,1,0,1,0,0,0,0,0,0,0,1,0,68.6,1108.6
0,0,1,0,45,1,2,1,2,2,2,2,2,2,1,0,3,113.3,5032.25
0,0,0,0,1,1,0,2,1,1,1,1,1,1,0,0,1,19.95,19.95
1,0,1,0,11,1,2,1,0,2,0,0,0,0,0,1,0,80.5,896.9
0,1,0,0,1,1,2,0,0,0,0,0,0,0,0,0,3,50.55,50.55
1,1,1,0,7,1,2,1,0,0,0,0,2,2,0,1,0,95.6,644.35
1,1,1,0,64,1,2,1,0,2,2,0,0,2,0,1,2,94.25,6081.4
1,0,0,0,54,1,0,1,2,2,0,2,2,2,1,1,1,105.4,5643.4
0,0,1,0,3,1,0,2,1,1,1,1,1,1,0,0,3,20.85,72.0
0,0,0,0,2,1,2,1,0,0,0,0,2,2,0,1,2,95.15,196.9
1,0,0,0,67,1,0,2,1,1,1,1,1,1,2,1,3,19.8,1311.3
0,0,1,0,5,1,0,1,2,0,2,0,0,2,0,1,3,88.9,454.15
0,0,1,1,3,1,0,1,0,2,0,2,0,0,0,1,2,80.0,241.3
1,0,0,1,19,0,1,0,0,0,0,0,0,0,0,1,1,25.35,566.1
1,0,0,0,7,1,0,2,1,1,1,1,1,1,0,1,3,19.95,147.5
1,1,0,0,23,0,1,0,0,0,0,0,0,2,0,1,0,34.65,768.45
1,0,1,0,72,1,2,1,2,2,0,2,2,2,2,1,1,108.95,7875.0
0,0,1,1,5,0,1,0,0,0,0,0,0,0,0,0,3,25.05,125.5
0,1,1,0,1,1,2,1,0,0,2,0,2,2,0,1,2,100.8,100.8
0,0,1,0,68,1,2,0,2,0,0,2,0,0,1,0,0,58.25,3975.7
0,0,1,1,31,1,0,2,1,1,1,1,1,1,2,0,3,21.0,697.7
1,0,0,0,1,1,0,1,0,0,0,0,2,0,0,1,2,78.95,78.95
1,0,0,0,18,1,2,2,1,1,1,1,1,1,1,0,3,23.75,424.5
0,0,0,0,6,1,0,0,2,0,0,0,0,0,0,1,2,49.45,314.6
1,0,0,1,32,1,0,2,1,1,1,1,1,1,2,0,3,20.5,696.8
0,0,1,1,6,1,2,0,0,0,0,0,0,0,0,1,1,48.95,273.25
1,0,1,1,8,1,0,2,1,1,1,1,1,1,2,0,3,20.15,165.5
1,0,0,0,51,1,2,2,1,1,1,1,1,1,2,0,3,24.75,1234.6
1,0,0,0,2,0,1,0,0,0,0,0,0,0,0,1,2,25.05,56.35
0,0,0,0,6,1,0,1,2,2,2,2,0,2,0,1,0,98.15,567.45
1,1,1,0,1,0,1,0,0,2,0,0,2,0,0,0,2,40.2,40.2
0,0,1,1,46,0,1,0,2,2,0,0,0,0,0,0,0,35.05,1620.25
0,1,1,0,57,1,2,1,0,2,2,0,0,2,0,0,1,94.0,5438.95
1,0,1,1,72,1,2,1,2,2,2,2,0,2,1,1,1,104.9,7537.5
1,0,1,1,23,1,2,0,0,2,0,2,0,0,2,0,3,59.7,1414.2
0,0,0,0,1,1,2,2,1,1,1,1,1,1,0,1,3,25.75,25.75
0,0,1,1,58,1,2,0,2,0,2,2,2,0,2,0,3,75.8,4415.75
1,0,0,0,51,1,0,1,2,0,0,0,2,0,1,0,3,86.35,4267.15
0,0,1,0,72,1,2,1,2,2,2,2,2,2,2,1,1,117.15,8529.5
1,0,0,0,7,0,1,0,2,0,2,0,0,0,1,0,3,35.3,264.8
0,0,0,0,25,1,0,0,2,2,2,2,2,0,1,0,3,74.3,1863.8
0,0,1,1,46,1,0,2,1,1,1,1,1,1,2,1,3,19.25,864.2
1,0,0,0,67,0,1,0,2,0,2,2,2,0,1,1,0,49.35,3321.35
0,0,1,1,42,1,0,1,0,0,2,0,2,2,0,1,2,92.15,3875.4
1,0,0,0,18,1,0,1,0,2,2,0,2,2,0,0,1,101.3,1794.65
1,0,1,0,29,1,2,1,0,2,2,0,0,0,0,1,2,85.8,2440.25
1,0,1,1,61,1,0,1,0,2,2,2,2,2,1,0,1,103.9,6449.15
1,0,0,0,1,1,0,0,0,0,0,0,0,0,0,1,3,44.3,44.3
1,0,0,0,44,0,1,0,0,2,2,0,2,2,1,1,3,53.95,2375.4
0,0,1,0,60,1,2,1,0,2,2,0,2,2,0,1,2,106.15,6411.25
1,0,0,0,7,1,2,1,0,0,0,0,2,2,0,1,2,93.85,635.6
0,1,1,1,48,0,1,0,0,2,0,0,0,0,1,0,0,29.9,1388.75
1,0,0,0,33,1,0,0,0,2,2,0,2,0,0,1,1,66.4,2245.4
0,1,1,0,71,1,2,1,2,0,0,0,0,0,2,1,1,80.7,5676.0
1,0,0,1,1,1,2,1,0,0,0,0,0,0,0,1,2,74.35,74.35
1,0,0,0,4,1,0,0,0,0,0,0,0,0,0,1,1,44.8,176.2
1,0,0,0,4,1,0,0,0,0,0,0,0,2,0,1,3,55.3,238.5
1,0,0,0,10,0,1,0,0,2,0,2,0,0,0,0,2,35.75,389.8
0,0,0,0,14,1,0,0,0,2,0,0,0,0,0,0,2,50.45,765.45
0,0,0,1,26,1,2,0,0,0,0,0,0,0,0,1,3,49.5,1265.65
1,1,1,0,7,1,2,0,2,2,0,2,0,0,0,0,2,64.2,475.0
1,0,0,0,1,1,0,1,2,0,0,0,0,2,0,1,3,84.6,84.6
0,0,0,0,11,1,0,0,0,0,2,2,0,2,1,0,1,64.9,697.25
0,0,0,1,1,1,0,1,0,0,0,0,0,2,0,1,2,79.6,79.6
1,0,1,0,41,1,2,1,0,2,0,0,0,0,0,1,2,80.25,3439.0
1,1,1,0,43,1,0,1,0,2,2,0,2,2,1,1,0,100.55,4304.0
0,0,1,0,68,1,0,0,2,0,0,2,0,0,1,0,0,55.9,3848.8
1,0,1,0,71,0,1,0,0,2,0,0,2,2,2,0,2,49.35,3515.25
0,1,0,0,47,1,2,1,0,2,2,0,0,0,0,1,0,85.2,3969.35
0,0,1,1,57,1,0,0,2,0,2,2,0,0,1,1,3,59.3,3274.35
0,0,1,1,20,1,0,2,1,1,1,1,1,1,0,0,3,20.05,406.05
1,0,0,0,26,1,0,2,1,1,1,1,1,1,1,0,1,19.8,457.3
1,0,0,1,70,1,2,1,2,2,2,2,2,2,2,1,2,114.6,7882.5
1,1,0,0,66,1,2,1,0,2,2,2,2,2,1,0,1,110.9,7432.05
1,1,1,0,32,1,2,1,0,0,0,0,0,2,0,0,2,85.3,2661.1
1,1,0,0,41,1,2,1,0,0,2,0,2,2,0,1,2,98.4,4187.75
1,0,1,1,14,1,0,0,2,2,0,0,0,2,2,1,0,61.4,815.55
0,0,0,0,70,1,2,1,2,2,2,2,2,2,1,0,1,115.55,8127.6
0,1,0,0,55,1,2,1,0,0,2,0,2,2,1,1,2,100.15,5409.75
0,1,0,0,1,1,0,1,0,0,0,0,0,0,0,1,2,69.65,69.65
0,1,1,1,71,1,2,0,2,2,0,0,2,0,1,0,2,69.2,4982.5
0,1,1,0,70,1,0,2,1,1,1,1,1,1,2,1,1,19.55,1462.05
1,0,0,1,1,1,0,0,0,0,0,2,0,2,0,1,3,59.55,59.55
1,0,1,1,72,1,2,2,1,1,1,1,1,1,2,0,3,26.1,1851.45
1,0,0,0,2,1,0,1,0,0,0,0,2,0,0,1,2,80.25,144.55
0,0,0,0,37,1,2,0,2,0,0,0,2,0,1,0,0,64.65,2347.85
1,0,0,0,13,1,0,2,1,1,1,1,1,1,1,0,1,19.3,259.65
0,0,0,0,66,1,2,1,2,2,2,2,2,0,1,1,0,104.55,6779.05
1,0,0,1,12,1,0,2,1,1,1,1,1,1,0,0,1,21.05,235.8
1,1,0,0,33,0,1,0,0,0,2,2,2,2,0,1,2,54.6,1803.7
0,0,1,0,63,1,2,1,0,2,0,0,0,0,0,1,0,81.55,5029.05
1,0,1,1,24,1,2,2,1,1,1,1,1,1,2,1,0,24.1,587.4
0,0,1,0,48,1,2,0,2,0,0,2,0,0,1,1,0,60.6,2985.25
1,0,1,1,50,1,2,1,2,2,2,0,2,2,1,1,2,108.25,5431.4
1,1,1,1,68,1,2,1,0,0,2,2,2,2,1,1,1,107.15,7379.8
1,0,0,0,1,1,0,2,1,1,1,1,1,1,0,0,3,20.4,20.4
1,0,1,1,18,1,0,2,1,1,1,1,1,1,1,0,0,20.05,345.9
1,0,1,1,21,1,2,1,0,2,2,0,2,2,0,0,2,104.4,2157.95
0,0,0,0,1,1,0,2,1,1,1,1,1,1,0,0,3,19.15,19.15
0,0,0,0,31,1,2,1,0,0,0,2,0,0,0,1,1,79.85,2404.15
0,0,1,1,53,1,0,0,0,0,2,0,0,2,1,0,1,60.6,3297.0
1,0,0,0,69,0,1,0,0,2,2,0,0,0,1,1,0,35.75,2492.25
0,0,1,1,68,1,2,1,0,2,0,2,0,0,1,1,0,83.65,5733.4
0,0,0,0,26,1,2,0,2,2,0,0,2,0,0,1,0,69.5,1800.05
0,0,1,0,72,1,2,2,1,1,1,1,1,1,2,0,1,24.85,1871.85
1,0,1,0,67,1,2,2,1,1,1,1,1,1,2,0,1,25.6,1784.9
0,0,0,0,14,1,0,1,0,0,0,0,2,2,0,1,3,89.8,1129.1
0,0,1,0,26,0,1,0,2,0,2,0,0,0,1,0,1,35.4,978.6
1,0,1,0,45,1,0,0,2,0,2,0,0,0,2,0,1,53.3,2296.25
0,0,1,0,21,1,2,1,0,0,0,0,2,2,0,1,2,94.3,1948.35
0,0,0,0,36,1,2,0,0,0,2,0,0,0,1,0,2,55.8,1941.5
0,1,1,0,43,1,2,1,2,2,0,0,2,0,0,1,2,94.5,4156.8
1,0,0,0,2,1,0,2,1,1,1,1,1,1,0,0,3,20.0,32.7
1,1,1,0,32,1,2,1,0,2,2,0,2,2,0,0,0,106.35,3520.75
1,0,0,0,12,1,2,0,0,0,2,0,2,2,0,0,0,74.75,827.05
1,0,0,0,24,1,2,1,0,2,0,0,0,0,0,1,2,80.25,1861.5
0,0,1,1,50,1,0,1,0,0,2,2,2,2,1,0,3,103.05,5153.5
0,0,1,1,41,1,2,1,2,2,2,0,0,2,1,1,0,101.6,3930.55
0,0,1,0,52,1,2,1,0,2,2,0,2,0,0,0,0,94.6,5025.8
1,1,0,0,1,1,2,1,0,0,0,0,0,0,0,1,2,73.65,73.65
0,1,1,0,66,1,2,1,0,0,2,2,2,2,1,1,1,105.95,6975.25
1,0,0,0,2,1,0,1,2,2,0,0,2,2,0,0,2,100.2,198.5
1,0,0,0,10,1,0,2,1,1,1,1,1,1,0,1,3,19.85,193.05
1,0,1,1,12,1,0,2,1,1,1,1,1,1,0,1,2,21.15,306.05
0,0,0,0,1,1,0,2,1,1,1,1,1,1,0,1,3,20.2,20.2
1,1,0,0,1,1,2,1,0,0,0,0,0,0,0,1,2,75.35,75.35
1,0,1,0,49,1,2,0,2,0,0,0,0,0,1,1,2,55.35,2633.95
0,0,0,0,60,1,2,2,1,1,1,1,1,1,2,0,3,25.0,1505.05
1,0,0,0,46,0,1,0,2,0,2,2,0,0,2,0,3,38.25,1755.35
0,0,0,0,3,1,0,2,1,1,1,1,1,1,0,0,2,19.75,58.85
1,0,0,0,5,1,0,2,1,1,1,1,1,1,0,0,3,19.95,107.05
0,1,1,0,72,1,2,0,2,2,2,0,2,2,2,1,1,84.1,6129.65
1,0,1,0,51,1,2,0,0,0,0,2,2,2,2,1,0,75.2,3901.25
1,0,0,0,18,1,0,2,1,1,1,1,1,1,0,0,3,19.25,331.35
1,0,0,0,1,1,0,1,0,0,0,0,2,2,0,1,2,89.9,89.9
1,1,1,0,6,1,2,1,0,0,2,0,0,0,0,1,2,80.8,457.1
1,0,1,0,57,1,2,1,0,0,2,2,2,2,2,0,2,107.95,5969.85
0,0,0,0,6,1,0,0,0,0,0,2,0,0,0,1,0,49.65,267.35
0,0,0,0,24,1,2,1,0,0,0,2,0,2,0,1,2,89.55,2259.35
1,0,0,0,7,1,2,1,0,0,0,0,0,2,0,1,3,85.2,602.55
0,0,1,0,72,1,2,1,2,0,2,2,2,0,2,1,0,98.2,7015.9
0,0,0,0,7,1,0,2,1,1,1,1,1,1,0,0,3,20.05,164.85
1,0,0,0,40,1,2,1,0,2,2,0,2,2,0,1,1,104.5,4036.85
1,0,1,1,71,1,0,2,1,1,1,1,1,1,2,0,3,19.45,1378.45
0,0,1,1,47,1,0,2,1,1,1,1,1,1,2,0,1,20.05,1016.7
0,0,1,1,65,1,2,1,2,2,0,2,2,0,2,1,1,99.05,6416.7
1,1,0,0,8,1,2,1,0,0,2,0,2,2,0,1,2,100.6,819.4
0,0,0,0,1,1,0,1,0,0,0,0,0,0,0,1,2,70.1,70.1
1,0,0,1,15,1,0,0,0,0,2,2,0,0,1,0,1,55.2,864.55
1,0,1,1,26,1,0,2,1,1,1,1,1,1,1,1,0,20.05,505.9
0,0,0,0,48,1,2,2,1,1,1,1,1,1,1,0,0,24.35,1133.7
0,0,0,0,60,1,0,2,1,1,1,1,1,1,2,0,0,19.85,1128.1
1,0,0,0,11,1,0,0,0,2,2,2,0,0,0,1,2,60.9,688.5
1,0,0,0,50,0,1,0,2,2,0,0,0,0,0,1,3,35.0,1782.4
1,0,0,0,31,1,0,1,0,2,2,0,2,2,0,1,2,101.4,3143.65
1,0,0,0,3,1,0,1,0,0,0,0,0,0,0,1,3,69.6,207.4
0,0,1,0,2,1,0,0,0,0,2,0,2,2,0,0,1,69.0,147.8
1,0,1,0,30,1,0,2,1,1,1,1,1,1,1,0,1,20.7,587.1
1,0,0,0,1,1,0,0,0,0,0,0,0,0,0,0,3,45.05,45.05
1,1,1,0,72,1,2,1,2,2,2,0,2,2,2,1,0,109.55,7920.7
1,1,1,1,50,1,2,0,2,2,2,0,0,2,2,1,0,75.15,3822.45
1,0,0,0,52,1,2,1,0,2,2,0,2,2,0,1,2,103.05,5364.8
0,0,0,0,66,1,2,0,2,2,2,2,2,2,2,1,1,90.05,5965.95
0,0,0,0,1,1,0,0,0,0,0,0,0,2,0,1,3,54.75,54.75
1,0,0,0,4,0,1,0,2,2,0,2,0,0,0,0,3,42.4,146.4
0,0,1,0,55,1,0,0,2,2,0,2,0,0,2,0,3,56.8,3112.05
0,0,0,0,35,1,0,0,2,2,2,0,0,0,0,0,2,60.55,1982.6
0,0,1,1,60,1,2,1,2,2,2,2,2,2,2,0,1,115.25,6758.45
1,0,1,1,41,1,2,1,0,0,2,2,2,2,1,1,2,102.6,4213.35
1,1,0,0,33,1,2,2,1,1,1,1,1,1,1,1,0,24.9,847.8
0,0,1,1,35,1,2,2,1,1,1,1,1,1,2,0,0,24.3,821.6
0,0,1,0,71,0,1,0,0,0,2,2,0,2,2,1,2,47.05,3263.6
1,0,1,1,13,1,0,0,0,0,0,0,2,2,1,1,2,64.75,877.35
1,0,0,0,24,1,0,0,0,0,2,0,0,0,0,1,3,49.7,1167.8
1,1,1,0,23,1,0,2,1,1,1,1,1,1,1,1,2,20.75,485.2
1,0,1,1,45,1,2,2,1,1,1,1,1,1,2,0,3,24.45,1088.25
1,0,1,1,70,1,2,1,2,2,2,2,2,2,2,1,1,116.55,8152.3
1,1,0,0,18,1,2,1,0,0,2,2,2,0,0,0,0,93.9,1743.9
1,0,1,1,50,1,2,1,2,0,2,0,2,2,0,0,1,105.95,5341.8
1,1,0,0,4,1,0,1,2,0,0,0,0,0,0,0,2,75.35,273.4
1,0,0,0,1,0,1,0,0,0,0,0,0,0,0,1,2,24.4,24.4
1,0,1,1,16,1,2,1,0,0,2,0,2,0,0,1,0,90.8,1442.2
1,0,1,0,63,1,2,1,0,0,2,0,2,2,2,0,2,102.6,6296.75
1,0,1,1,65,1,2,1,2,0,2,2,2,2,2,0,0,108.65,6937.95
0,1,0,0,71,1,2,1,0,0,2,0,2,2,2,0,0,104.05,7413.55
1,0,1,1,67,1,2,1,2,0,0,2,2,2,2,0,0,104.6,6885.75
1,0,1,0,38,1,2,1,2,0,0,0,2,0,0,0,0,91.7,3479.05
0,0,0,0,2,1,0,2,1,1,1,1,1,1,0,0,3,19.95,38.15
1,0,0,0,52,1,0,1,0,2,2,2,2,2,1,1,0,105.0,5426.85
0,0,0,1,4,1,2,2,1,1,1,1,1,1,0,1,3,25.45,84.2
0,0,0,0,40,1,2,0,0,0,2,2,2,2,1,1,3,80.75,3208.65
0,0,0,0,1,1,0,2,1,1,1,1,1,1,0,0,3,19.5,19.5
1,0,1,1,54,1,2,2,1,1,1,1,1,1,2,1,0,24.05,1230.9
1,0,1,1,31,0,1,0,2,0,0,2,0,0,0,0,0,35.4,1077.5
1,1,1,0,27,1,0,1,0,0,0,0,0,0,0,1,2,70.55,1943.9
1,0,0,0,2,1,0,1,0,0,0,0,0,0,0,1,1,71.3,157.75
1,1,1,0,27,1,2,0,0,2,2,2,2,2,0,1,0,84.8,2309.55
1,0,0,0,1,1,0,0,0,0,0,0,0,0,0,1,3,45.7,45.7
0,0,1,1,72,1,2,2,1,1,1,1,1,1,1,1,0,23.3,1623.15
0,0,1,0,49,1,0,1,0,2,2,0,2,2,0,0,2,99.4,5025.0
1,0,1,0,66,1,2,1,0,2,0,2,2,2,1,1,2,104.05,6890.0
0,0,1,0,63,1,0,1,0,2,0,0,2,2,1,1,2,96.0,6109.75
0,0,1,1,55,1,2,1,2,0,0,0,2,2,1,0,3,100.9,5448.6
0,1,1,0,12,1,2,1,0,2,2,0,2,0,0,1,2,98.1,1060.2
1,0,1,0,72,1,2,1,2,2,0,2,2,2,2,1,1,109.95,7852.4
1,0,1,0,5,1,2,1,2,0,0,0,0,2,0,1,2,89.15,413.25
1,0,0,1,57,1,0,2,1,1,1,1,1,1,2,1,3,19.6,1170.55
0,0,0,0,34,1,2,0,0,0,0,2,2,0,0,0,3,65.0,2157.5
1,0,1,1,31,1,2,1,2,0,2,2,0,0,0,0,2,89.3,2823.0
1,0,0,0,1,1,0,1,0,0,0,0,0,0,0,1,3,71.35,71.35
0,0,0,0,67,1,0,0,2,0,2,2,0,2,1,1,0,72.35,4991.5
1,1,0,0,1,0,1,0,0,2,2,0,0,2,0,1,2,43.3,43.3
1,0,0,0,2,1,0,0,0,0,0,0,0,0,0,0,3,44.65,74.9
1,0,0,0,4,1,0,0,0,0,0,2,0,0,0,1,3,50.8,202.3
0,1,0,0,30,1,2,1,2,2,2,0,0,0,0,0,1,91.7,2758.15
1,0,0,0,1,1,0,1,0,0,2,0,2,0,0,1,2,84.85,84.85
1,0,1,1,71,1,0,1,2,2,2,0,2,2,1,1,0,104.65,7288.4
0,0,0,0,58,1,0,1,2,2,2,0,2,2,1,1,2,106.45,6145.85
0,0,0,0,27,1,2,1,0,0,0,0,2,2,0,1,3,94.55,2724.6
1,0,0,0,49,1,0,2,1,1,1,1,1,1,2,1,1,19.9,1022.6
1,0,1,1,64,1,2,1,2,0,2,0,0,2,2,0,0,93.4,5822.3
1,0,0,0,42,1,2,1,0,2,0,0,2,2,0,1,2,101.75,4273.45
0,1,1,0,67,1,2,1,2,2,2,2,0,2,1,1,1,105.4,7035.6
1,0,0,0,69,1,2,1,0,2,0,2,2,2,1,1,0,104.7,7220.35
1,0,0,0,66,1,2,1,0,2,0,0,0,2,0,0,1,89.4,5976.9
0,1,1,0,39,1,2,1,0,0,0,2,2,2,0,1,2,101.25,3949.15
0,0,0,0,2,1,0,2,1,1,1,1,1,1,0,0,3,20.35,45.3
1,0,1,0,59,0,1,0,0,0,0,0,2,2,0,1,2,44.3,2666.75
0,0,1,0,24,1,0,0,0,2,0,0,2,2,0,1,0,69.45,1614.05
1,0,1,1,69,1,2,0,0,2,2,2,2,2,2,1,0,81.95,5601.4
0,0,0,0,38,1,2,1,0,0,2,2,2,2,0,1,2,103.65,3988.5
1,0,0,0,1,1,0,2,1,1,1,1,1,1,0,0,0,19.75,19.75
0,0,1,1,68,1,2,0,2,2,2,2,2,2,2,0,1,88.0,6161.9
1,0,1,1,30,1,2,1,0,2,0,2,0,0,0,1,0,83.55,2570.2
1,0,1,0,37,1,0,1,0,0,2,2,0,2,0,1,2,90.35,3419.3
1,0,1,1,40,1,0,2,1,1,1,1,1,1,2,0,3,19.6,808.95
0,0,1,0,72,1,2,1,2,2,2,2,0,0,2,1,0,94.25,6849.75
1,0,0,1,1,1,0,2,1,1,1,1,1,1,0,1,3,19.3,19.3
0,0,0,0,37,1,0,2,1,1,1,1,1,1,2,0,3,19.85,784.25
0,0,1,1,72,0,1,0,2,2,2,2,0,2,2,0,1,55.65,3880.05
0,0,0,0,18,1,2,0,0,0,0,0,0,0,0,1,2,50.3,913.3
0,0,0,0,1,0,1,0,0,0,0,0,2,0,0,1,2,35.75,35.75
1,0,1,0,27,1,0,2,1,1,1,1,1,1,2,0,0,19.55,520.55
1,0,1,1,35,1,0,2,1,1,1,1,1,1,2,0,3,20.1,655.3
0,0,0,0,48,1,0,1,0,2,0,0,0,0,1,0,2,75.15,3772.65
1,0,1,1,61,1,0,0,2,2,2,2,2,2,1,0,0,84.9,5264.5
0,0,0,0,1,1,0,2,1,1,1,1,1,1,0,0,1,19.55,19.55
1,1,1,0,67,1,2,1,0,0,0,0,2,2,0,1,1,94.65,6079.0
0,0,0,0,36,1,2,0,2,0,0,0,0,0,1,0,3,54.45,1893.5
0,0,1,1,8,1,0,2,1,1,1,1,1,1,2,0,3,19.05,201.7
0,1,1,0,71,1,2,0,2,2,2,2,0,2,2,1,0,82.7,5831.2
1,0,1,0,21,1,2,1,0,0,2,2,2,2,0,1,2,106.1,2249.95
1,0,0,0,19,1,2,1,0,2,0,0,2,2,0,1,2,99.95,1931.75
1,0,0,0,54,1,2,1,2,2,0,2,2,2,2,1,1,108.0,5760.65
0,0,0,0,11,1,0,0,0,2,0,0,0,0,0,0,2,51.1,531.15
0,0,0,1,18,1,0,2,1,1,1,1,1,1,1,0,0,20.15,390.85
1,1,1,0,52,1,2,1,2,0,2,0,2,2,0,1,2,104.2,5568.35
1,1,1,0,1,1,2,1,2,0,0,0,0,0,0,1,2,80.3,80.3
0,0,1,1,53,1,0,2,1,1,1,1,1,1,2,0,3,20.9,1146.05
0,1,1,0,72,1,2,2,1,1,1,1,1,1,2,1,1,25.7,1937.4
0,1,0,0,2,1,2,1,0,0,0,0,2,2,0,1,2,93.85,170.85
0,0,1,0,59,1,2,1,0,2,0,0,2,2,0,0,2,101.1,6039.9
1,0,0,0,1,1,0,1,0,0,0,2,0,0,0,1,2,75.9,75.9
1,0,0,0,58,1,0,1,2,2,0,0,2,2,1,0,0,99.15,5720.95
0,0,1,0,7,1,2,1,0,0,0,0,2,0,0,1,2,86.5,582.5
1,0,0,0,24,1,2,1,0,0,2,0,2,0,0,1,3,89.85,2165.05
0,0,1,0,18,1,0,1,0,0,2,0,2,2,0,1,1,95.95,1745.5
1,0,1,1,31,1,2,1,2,0,2,0,2,0,1,0,0,98.05,3082.1
0,0,0,0,28,1,0,0,0,0,2,0,2,0,0,1,0,59.55,1646.45
1,0,0,0,1,1,0,0,0,0,0,0,0,0,0,1,3,45.8,45.8
0,1,0,0,18,1,0,1,0,2,0,0,0,0,0,1,2,73.55,1359.45
0,0,0,0,4,1,0,1,0,0,0,0,0,0,0,1,1,70.05,266.9
0,1,1,0,54,1,0,2,1,1,1,1,1,1,2,1,3,18.95,1031.1
0,0,1,1,72,1,2,1,2,2,2,2,2,2,2,1,0,117.6,8308.9
0,0,0,0,1,1,0,1,0,2,2,0,0,0,0,1,2,82.3,82.3
1,0,1,1,69,1,2,1,2,2,2,2,2,2,2,1,0,114.35,7665.8
1,1,1,0,49,1,2,1,0,2,0,0,0,2,0,0,1,90.05,4547.25
1,1,0,0,53,0,1,0,0,2,2,0,2,2,0,1,2,54.45,2854.55
1,0,1,1,50,1,2,2,1,1,1,1,1,1,2,0,3,24.95,1261.45
0,1,0,0,1,1,0,1,0,0,0,0,0,0,0,1,2,71.15,71.15
0,0,0,0,56,1,0,1,0,2,0,0,0,0,0,1,2,73.85,4092.85
1,0,1,0,71,1,0,2,1,1,1,1,1,1,1,0,2,20.85,1539.75
1,0,1,1,60,1,0,2,1,1,1,1,1,1,2,0,3,20.55,1205.05
1,0,0,0,7,1,0,0,0,0,0,0,0,0,0,1,0,44.65,322.5
0,1,0,0,5,1,0,1,0,2,0,0,2,0,0,1,2,84.7,392.5
1,0,1,1,29,1,0,1,2,0,0,0,2,2,0,0,1,94.65,2649.15
0,0,1,1,68,1,2,1,0,2,0,2,2,2,2,1,1,103.75,7039.45
0,0,1,1,20,1,2,0,2,0,0,0,2,2,1,0,0,76.0,1588.75
0,0,0,0,16,1,0,0,0,2,0,2,0,0,0,1,3,53.9,834.15
1,0,0,0,71,1,2,0,2,2,2,2,0,2,2,0,0,80.6,5708.2
1,0,1,0,32,1,2,1,0,2,0,0,2,2,0,1,1,98.85,3145.9
1,0,0,0,4,1,0,2,1,1,1,1,1,1,0,1,1,20.7,83.75
1,0,0,1,36,1,0,1,0,2,0,0,2,2,0,1,2,94.7,3512.5
0,0,1,0,72,1,2,1,2,0,2,0,2,2,2,1,2,105.5,7544.0
0,1,1,1,31,1,0,1,0,0,2,2,2,2,0,1,2,98.9,2911.3
0,0,0,0,65,1,2,1,2,2,0,2,0,0,1,1,2,89.85,5844.65
0,0,0,0,5,1,2,1,0,0,0,0,2,0,0,1,2,85.2,474.8
1,0,0,0,16,0,1,0,2,2,2,2,2,0,2,0,3,54.85,916.15
0,0,0,0,10,1,2,1,0,2,0,0,0,0,0,1,0,80.05,830.7
0,0,0,1,49,1,0,2,1,1,1,1,1,1,2,0,1,20.45,1024.65
0,1,0,0,43,0,1,0,2,2,0,0,0,0,0,1,1,33.45,1500.25
1,0,0,0,1,0,1,0,0,0,0,0,0,0,0,1,3,24.45,24.45
0,0,1,0,4,1,0,0,2,2,0,0,0,0,0,0,3,54.7,235.05
1,0,0,0,2,1,0,1,0,0,0,0,0,0,0,1,2,70.3,144.0
1,0,1,1,70,1,2,0,0,2,2,2,2,2,2,1,2,84.1,5979.7
0,0,0,0,36,1,2,0,0,2,0,2,0,2,1,1,3,70.7,2511.95
0,0,1,1,66,1,2,1,2,2,2,0,2,2,2,0,0,109.25,7082.5
0,0,1,1,67,1,2,0,2,2,0,2,2,0,2,0,1,74.0,4868.4
1,0,0,0,33,1,0,2,1,1,1,1,1,1,2,0,3,20.35,689.75
0,0,0,0,23,1,2,1,2,0,0,0,2,0,0,1,0,90.05,2169.8
0,0,0,0,34,1,0,1,0,2,0,0,0,0,0,1,1,73.95,2524.45
1,0,0,1,11,1,2,1,0,0,0,0,0,2,0,0,2,86.2,893.2
0,0,1,1,49,1,0,0,2,2,2,2,2,2,1,1,3,87.2,4345.0
0,0,1,0,8,1,2,1,0,0,0,0,0,2,0,1,1,85.2,627.4
0,0,1,0,46,0,1,0,0,0,0,0,2,2,0,1,2,43.95,2007.85
0,1,1,0,72,1,2,1,0,2,2,2,2,2,2,1,1,110.8,7882.25
0,0,0,0,1,1,0,2,1,1,1,1,1,1,0,0,3,20.9,20.9
0,0,1,1,3,1,0,0,0,2,0,0,2,0,0,1,1,58.7,168.6
1,0,1,1,32,0,1,0,0,0,2,2,0,0,1,1,3,36.25,1151.05
0,0,0,0,33,1,0,1,0,2,0,2,0,0,1,1,0,79.95,2684.85
0,1,1,0,25,1,0,1,0,2,2,0,2,2,0,1,2,98.5,2514.5
0,0,1,0,72,1,2,0,2,2,2,2,2,2,2,1,0,90.95,6468.6
1,0,1,1,34,1,0,1,0,0,0,0,2,0,0,0,2,78.3,2564.3
1,0,0,0,1,1,0,0,0,0,0,0,0,0,0,1,2,44.8,44.8
0,0,0,1,21,1,0,2,1,1,1,1,1,1,0,0,3,20.75,452.2
1,0,0,0,14,1,0,2,1,1,1,1,1,1,1,0,0,20.4,275.7
1,0,0,0,23,1,0,1,2,0,2,0,2,2,1,1,1,99.95,2292.75
1,1,1,0,39,1,2,1,0,2,2,0,2,2,0,1,2,105.65,4284.8
0,1,1,0,66,1,2,1,0,2,2,2,2,2,1,1,1,108.1,7181.95
1,0,0,1,52,1,2,2,1,1,1,1,1,1,2,0,1,25.6,1334.5
1,0,1,1,71,1,2,1,0,2,0,2,0,0,2,1,2,84.8,6152.4
0,1,0,0,26,1,2,1,0,2,0,0,2,0,0,1,2,89.15,2277.65
0,0,1,1,56,1,2,0,2,2,0,0,0,2,1,0,0,68.75,3815.4
0,0,0,0,10,1,2,1,0,2,0,0,0,0,0,1,1,81.0,818.05
0,0,0,0,72,1,2,1,2,2,2,2,2,2,2,0,1,115.05,8405.0
1,0,0,0,15,1,0,1,0,0,2,2,2,2,0,1,2,101.35,1553.95
0,0,1,1,67,1,2,1,2,0,0,2,0,2,1,1,1,94.35,6341.45
0,0,0,0,16,1,0,0,2,0,0,0,0,0,0,1,2,50.15,762.25
0,0,0,0,54,1,2,1,0,2,2,0,2,0,1,1,0,94.75,5121.75
1,0,0,0,11,1,0,1,0,0,0,2,0,0,0,1,2,73.85,926.25
0,0,1,1,10,1,2,0,2,2,0,0,2,0,1,0,2,70.3,676.15
0,0,1,0,59,1,2,1,2,2,2,0,2,2,1,1,1,109.15,6557.75
1,0,0,0,25,1,0,2,1,1,1,1,1,1,2,1,3,20.75,499.4
1,0,0,0,4,1,0,2,1,1,1,1,1,1,0,0,3,20.7,73.05
1,0,1,1,11,1,0,2,1,1,1,1,1,1,2,0,3,19.65,225.75
1,0,1,0,57,1,2,1,2,2,2,2,2,0,0,1,2,103.05,5925.75
0,1,0,0,69,1,2,1,2,0,2,2,2,2,2,0,1,110.25,7467.55
1,1,0,0,15,1,2,1,0,0,0,0,0,0,0,0,2,75.65,1146.65
0,0,1,1,54,1,2,0,0,2,2,0,0,0,2,1,0,59.8,3246.45
1,0,0,0,59,1,2,2,1,1,1,1,1,1,2,0,3,25.0,1510.5
0,0,1,0,67,1,2,0,2,2,2,0,0,2,1,0,3,75.1,5064.45
1,0,0,0,4,1,2,1,2,0,0,0,0,0,0,1,2,80.1,336.15
0,0,1,1,72,1,2,1,0,2,2,2,2,2,2,1,0,109.2,7711.45
0,0,1,0,69,1,2,2,1,1,1,1,1,1,1,1,2,26.3,1763.55
0,0,1,0,49,1,2,0,2,2,2,0,0,2,1,0,2,71.8,3472.05
0,0,0,0,66,0,1,0,2,0,2,2,2,2,2,1,0,61.35,4193.4
0,0,0,0,7,1,0,1,0,0,0,0,0,0,0,1,0,69.85,515.45
1,0,1,1,62,1,2,1,2,2,0,0,2,0,1,1,1,94.95,5791.85
0,1,1,0,38,1,2,1,2,2,0,0,0,2,1,0,1,95.0,3591.25
1,0,1,1,19,1,2,1,0,0,2,2,2,2,0,0,2,103.3,2012.7
0,0,0,0,63,1,2,2,1,1,1,1,1,1,2,0,3,24.2,1618.2
1,1,0,0,21,1,0,2,1,1,1,1,1,1,1,0,0,20.5,429.55
1,0,0,0,1,1,0,0,0,0,0,0,0,0,0,0,3,44.45,44.45
0,1,0,0,33,0,1,0,2,2,2,0,2,2,0,1,0,59.45,1884.65
1,1,0,0,67,1,2,1,0,0,2,0,2,2,0,1,1,101.4,6841.05
1,0,1,0,17,0,1,0,2,0,2,0,0,0,0,0,3,34.4,592.75
0,0,1,1,8,1,0,0,2,2,0,0,0,0,0,0,3,54.65,482.25
0,0,0,0,65,1,2,1,2,2,2,0,2,2,0,1,1,111.05,7107.0
1,1,1,0,69,1,2,1,2,2,0,0,0,0,0,1,1,84.9,5785.65
1,0,0,0,64,1,2,1,0,0,2,2,2,2,1,1,1,104.65,6889.8
1,0,0,0,55,1,0,0,0,2,0,2,0,2,1,1,2,64.2,3627.3
0,0,1,1,71,1,2,1,2,2,2,0,2,0,2,1,1,99.0,7061.65
0,0,1,0,40,1,2,1,0,0,0,2,0,0,0,1,1,78.85,3126.85
1,0,0,0,23,1,2,1,0,0,2,2,2,0,0,1,1,96.9,2085.45
0,0,0,0,72,1,0,2,1,1,1,1,1,1,2,1,0,21.15,1419.4
0,0,0,0,10,1,0,2,1,1,1,1,1,1,0,0,3,18.85,163.2
1,0,1,0,5,1,2,1,0,2,0,0,0,0,0,1,2,81.3,416.3
0,1,1,0,72,1,2,1,2,2,0,0,2,2,1,1,0,106.85,7677.4
0,0,0,0,1,1,0,2,1,1,1,1,1,1,0,1,3,19.9,19.9
1,0,1,1,5,1,2,2,1,1,1,1,1,1,0,1,0,25.9,135.0
0,0,1,0,65,1,2,1,0,2,2,2,2,2,2,1,0,107.65,7082.85
1,0,1,0,33,1,0,1,0,0,2,0,2,2,1,1,2,95.8,3036.75
0,0,1,1,1,1,0,2,1,1,1,1,1,1,0,1,3,20.5,20.5
0,0,1,1,10,1,2,2,1,1,1,1,1,1,2,0,1,26.1,225.55
0,0,1,1,70,1,2,1,0,2,2,0,2,2,1,1,2,106.5,7397.0
0,0,0,0,36,1,2,1,0,2,2,0,2,2,1,1,0,104.8,3886.45
0,0,0,0,21,1,0,1,0,2,2,0,0,2,0,1,2,90.05,1862.9
1,0,1,0,72,0,1,0,2,2,2,0,0,0,2,0,0,42.1,2962.0
1,0,0,0,1,1,0,2,1,1,1,1,1,1,0,0,2,19.95,19.95
0,0,0,0,19,1,2,1,2,2,0,0,0,2,0,1,2,95.15,1789.25
0,0,1,1,70,1,2,1,0,2,2,2,2,2,2,1,2,110.2,7689.8
0,0,0,0,7,1,0,0,2,2,0,2,2,2,0,1,2,78.5,571.05
1,0,0,0,60,1,2,1,0,0,2,0,2,0,2,1,2,89.55,5231.2
1,0,0,1,21,1,0,2,1,1,1,1,1,1,2,0,3,19.6,397.0
0,0,1,1,36,1,0,2,1,1,1,1,1,1,0,0,0,19.2,702.9
1,0,0,0,1,1,0,0,0,2,0,0,0,0,0,0,3,50.65,50.65
1,0,1,0,72,1,0,1,0,0,2,0,2,2,0,1,2,94.65,6747.35
0,0,1,1,2,1,0,1,0,2,0,0,0,0,0,1,0,73.55,145.4
0,0,0,0,1,1,0,2,1,1,1,1,1,1,0,0,3,19.9,19.9
1,0,1,1,7,1,0,1,0,0,0,0,0,0,0,1,0,69.95,529.5
0,0,0,0,22,1,0,2,1,1,1,1,1,1,1,1,3,19.25,412.55
1,0,0,0,33,1,0,1,0,2,0,2,0,0,2,0,0,80.6,2651.1
1,0,1,1,25,1,0,1,0,0,0,0,2,2,1,1,2,90.4,2178.6
1,0,0,0,39,0,1,0,0,0,2,2,0,0,1,0,3,35.55,1309.15
1,0,0,0,17,0,1,0,0,0,0,0,0,0,0,0,1,25.1,382.8
1,0,0,0,2,1,0,2,1,1,1,1,1,1,0,1,1,19.9,33.7
1,0,1,1,3,1,0,0,0,2,2,0,0,0,0,1,3,56.15,168.15
0,0,0,0,12,1,0,1,0,0,2,0,2,2,1,0,3,95.5,1115.15
1,0,1,1,47,1,0,2,1,1,1,1,1,1,1,0,3,20.05,951.55
0,0,0,0,71,1,2,1,2,2,2,2,2,2,2,0,3,111.3,7985.9
1,0,0,0,27,1,2,0,0,0,2,2,0,0,0,0,2,59.45,1611.65
1,0,1,1,63,1,0,2,1,1,1,1,1,1,2,0,3,19.55,1245.6
0,0,1,0,70,1,2,0,2,0,2,2,0,0,2,0,1,65.3,4759.75
1,1,1,0,61,1,2,1,0,2,2,2,2,0,1,1,3,98.3,6066.55
1,0,0,0,61,1,2,1,2,0,2,0,2,2,1,0,2,104.0,6363.45
1,0,1,0,72,1,0,2,1,1,1,1,1,1,2,0,1,19.7,1421.9
0,0,1,0,65,1,2,1,2,0,2,0,2,2,0,1,2,105.05,6914.95
0,1,0,0,4,1,2,1,0,0,0,0,0,0,0,1,2,74.9,321.75
0,0,1,1,3,1,0,2,1,1,1,1,1,1,0,0,3,19.3,54.7
1,0,1,1,15,0,1,0,2,0,0,0,0,0,0,1,0,30.2,469.65
0,0,1,0,72,1,2,1,0,2,2,0,2,2,1,1,2,101.35,7323.15
0,0,1,1,68,1,0,0,2,2,2,2,2,2,2,1,1,85.0,5607.75
1,0,0,0,1,1,0,2,1,1,1,1,1,1,0,1,3,19.6,19.6
0,0,0,0,35,1,2,1,0,2,0,2,0,0,0,0,1,85.3,2917.5
0,0,1,1,72,1,0,0,2,0,2,2,2,2,2,1,0,80.45,5886.85
0,0,1,0,42,0,1,0,0,2,0,2,0,0,1,0,3,33.55,1445.3
1,0,1,1,72,1,2,0,2,2,2,2,2,2,2,1,1,90.8,6397.6
1,1,0,0,13,1,0,1,0,0,0,0,2,2,0,1,2,90.5,1201.15
0,0,0,0,1,1,0,0,0,0,0,0,0,0,0,0,3,45.95,45.95
1,0,0,0,7,1,0,2,1,1,1,1,1,1,0,1,3,19.4,168.65
1,0,1,0,67,1,2,1,0,2,0,0,2,0,1,1,0,88.4,5798.3
1,0,1,1,37,1,2,1,0,2,2,0,2,0,0,1,2,92.95,3415.25
0,0,1,1,13,1,0,2,1,1,1,1,1,1,0,1,3,20.45,254.5
1,0,0,0,26,1,0,2,1,1,1,1,1,1,1,0,3,19.4,525.55
0,0,0,0,61,1,2,0,2,2,2,2,2,2,2,0,2,89.65,5308.7
0,0,1,0,15,1,2,0,0,0,0,0,0,0,0,1,2,51.1,711.15
0,0,1,1,68,1,2,0,0,2,2,2,2,2,2,0,0,85.3,5560.0
1,0,1,1,13,1,0,0,0,2,2,2,0,0,0,0,0,61.8,750.1
0,1,0,0,5,1,0,1,0,0,0,0,0,2,0,0,2,78.95,378.4
1,1,1,0,16,1,2,1,0,0,2,0,2,2,0,1,2,98.75,1587.55
1,0,0,0,2,1,0,0,0,0,0,0,0,0,0,0,3,45.85,81.0
0,0,1,1,4,1,2,1,0,2,0,0,2,2,0,1,2,97.95,384.5
1,1,1,0,7,1,2,1,0,0,2,0,2,2,0,1,2,101.95,700.85
0,0,0,0,1,0,1,0,0,0,0,0,0,0,1,0,3,25.85,25.85
0,0,1,1,23,1,0,2,1,1,1,1,1,1,2,0,0,20.4,478.75
1,0,1,0,9,1,0,1,0,2,2,2,2,0,0,1,3,94.85,890.6
0,1,1,1,60,1,0,0,2,2,2,2,0,2,1,1,1,74.85,4456.35
0,0,1,0,71,1,2,0,2,2,2,2,2,2,2,0,1,89.3,6388.65
0,0,0,0,4,1,0,1,0,0,0,0,0,0,0,1,0,70.9,273.0
0,0,1,1,67,0,1,0,2,2,2,2,2,0,2,0,1,54.2,3623.95
0,0,1,1,33,1,2,1,2,0,2,0,2,2,1,1,3,103.7,3467.0
0,1,1,0,8,1,2,1,0,0,0,0,0,2,0,1,2,84.0,613.4
1,1,1,1,71,1,2,1,2,2,0,0,2,2,0,1,1,105.1,7548.1
1,0,1,1,4,1,2,1,0,0,2,0,2,2,0,0,2,101.15,385.9
1,0,0,0,3,1,0,0,0,0,0,0,2,0,0,0,3,55.15,159.15
1,0,1,1,72,1,2,1,0,2,2,2,0,0,2,0,0,90.45,6565.85
0,0,0,1,25,1,0,2,1,1,1,1,1,1,0,0,1,20.05,471.7
0,1,1,0,16,1,2,1,0,0,0,0,0,2,0,1,1,85.35,1375.15
1,1,1,0,72,1,2,1,2,2,2,0,0,2,2,1,1,102.65,7550.3
1,1,0,0,49,1,2,1,0,0,0,0,2,2,0,1,2,96.2,4718.25
0,0,1,0,9,1,0,0,0,2,0,0,0,0,0,0,3,50.85,466.6
1,1,0,0,64,1,2,1,0,0,2,2,2,2,1,0,2,102.1,6688.1
0,0,0,0,1,1,0,2,1,1,1,1,1,1,0,0,3,19.85,19.85
0,0,0,0,56,1,2,1,0,2,0,2,2,2,0,1,0,105.45,5916.95
0,0,1,0,49,1,2,1,2,2,2,2,0,2,2,0,1,106.65,5174.35
0,1,0,0,2,1,2,1,0,0,2,0,0,0,0,1,2,78.55,149.55
0,0,1,0,71,1,2,2,1,1,1,1,1,1,2,1,0,24.65,1710.15
1,0,0,1,71,1,2,1,2,2,0,0,0,0,1,1,1,85.45,6028.95
1,0,1,1,31,1,2,2,1,1,1,1,1,1,2,0,3,25.75,755.6
1,0,0,0,6,1,2,1,0,0,0,2,0,2,0,1,0,87.95,522.35
0,0,1,1,43,1,0,2,1,1,1,1,1,1,1,0,3,20.0,817.95
0,0,0,0,40,0,1,0,2,0,0,2,2,2,1,1,0,54.55,2236.2
1,0,1,1,28,1,2,0,0,2,0,0,0,2,0,0,2,64.4,1802.15
1,0,0,0,2,0,1,0,0,0,0,0,0,0,0,0,3,24.3,38.45
0,0,0,0,14,1,0,1,0,0,0,0,0,0,0,1,1,71.0,914.0
1,0,0,0,1,1,0,0,2,0,0,0,0,0,0,1,3,48.55,48.55
0,0,0,0,53,1,0,1,0,2,2,0,2,2,1,1,3,100.3,5200.8
1,0,0,0,65,1,2,1,0,2,2,2,2,2,0,1,2,109.15,6941.2
1,0,0,1,29,1,2,1,0,2,2,2,0,2,1,0,1,100.55,2830.45
1,0,0,1,33,0,1,0,2,0,0,2,0,0,1,0,1,34.05,1113.95
0,0,1,1,11,0,1,0,2,0,0,0,0,0,0,1,2,29.6,346.45
0,0,0,0,3,1,0,1,2,0,0,0,0,0,0,1,2,74.55,233.65
1,0,0,1,68,1,2,0,2,2,0,2,2,2,2,1,0,86.5,5882.75
1,0,1,1,65,1,2,2,1,1,1,1,1,1,2,0,1,24.75,1715.1
0,0,0,0,8,1,2,0,2,2,2,0,0,0,0,1,0,65.5,573.15
0,0,0,0,44,1,2,1,0,2,2,0,0,0,0,1,0,84.8,3862.55
1,0,0,1,1,1,0,2,1,1,1,1,1,1,0,0,3,19.85,19.85
0,1,0,0,5,1,0,1,0,0,2,0,2,0,0,1,3,84.85,415.55
1,0,1,1,30,1,2,1,2,2,0,0,2,0,0,1,2,94.4,2838.7
1,0,0,1,41,1,0,1,2,2,2,2,2,2,2,1,2,111.15,4507.15
1,0,0,0,1,1,0,2,1,1,1,1,1,1,0,0,0,20.05,20.05
0,0,1,0,51,1,0,0,2,2,0,2,0,0,1,1,0,60.5,3145.15
1,0,1,0,14,1,2,1,0,0,0,0,0,2,0,1,2,85.15,1139.2
1,1,1,0,60,1,2,1,0,0,0,2,2,2,0,1,2,99.0,6017.9
1,0,0,0,28,1,2,1,0,2,2,0,2,2,0,1,2,105.7,2979.5
0,0,0,1,14,1,0,0,0,0,2,0,2,0,0,1,1,59.8,824.85
1,0,0,0,5,1,0,1,0,2,0,0,0,0,0,1,2,74.65,383.65
0,0,0,0,38,1,0,2,1,1,1,1,1,1,1,0,3,20.05,678.2
1,0,0,0,35,1,0,2,1,1,1,1,1,1,2,0,0,21.45,705.45
1,0,0,0,1,1,0,1,0,0,0,0,2,0,0,1,2,79.5,79.5
0,0,0,0,58,1,2,1,2,0,0,0,0,0,0,1,0,79.8,4526.85
0,0,0,0,47,1,0,0,2,2,0,2,0,0,1,1,3,58.9,2813.05
0,0,0,0,29,1,2,1,0,0,2,0,2,2,0,0,0,100.55,2878.75
0,0,1,0,41,1,0,1,2,2,2,0,2,2,1,1,0,104.45,4162.05
0,0,1,0,4,0,1,0,2,0,0,0,0,0,0,1,2,29.05,129.6
1,0,1,0,72,1,2,1,2,2,2,2,2,2,2,1,1,116.95,8594.4
1,0,1,0,22,1,0,2,1,1,1,1,1,1,0,1,0,20.45,471.55
1,0,1,0,65,1,0,2,1,1,1,1,1,1,2,1,1,20.4,1414.45
1,0,1,0,25,0,1,0,0,0,2,0,2,0,1,1,1,38.1,970.4
1,0,0,0,66,1,0,0,2,2,0,0,0,0,1,1,3,54.8,3465.7
0,0,1,0,69,1,2,2,1,1,1,1,1,1,2,0,0,24.25,1641.8
1,0,0,0,56,1,2,2,1,1,1,1,1,1,1,0,2,24.9,1334.0
1,0,0,0,38,1,0,0,2,2,0,2,2,0,1,0,3,70.6,2708.2
1,0,0,0,3,1,0,1,0,0,0,0,2,2,0,1,2,92.0,266.8
0,0,1,1,71,1,2,2,1,1,1,1,1,1,2,0,1,23.9,1663.5
1,0,0,0,72,1,0,0,2,2,2,2,2,0,2,1,0,75.1,5336.35
1,0,1,0,58,1,2,1,0,0,2,0,2,2,1,0,1,100.35,5681.1
0,0,1,1,33,1,0,1,0,0,2,0,2,2,1,1,2,93.8,3124.5
1,0,1,1,67,0,1,0,2,0,0,0,2,2,2,0,1,50.9,3281.65
1,0,1,0,1,0,1,0,0,0,0,0,0,0,0,1,2,23.45,23.45
1,1,0,0,5,1,0,1,0,0,0,0,2,2,0,1,2,89.5,477.7
1,0,0,0,22,1,2,1,2,0,0,0,2,2,0,1,2,100.75,2095.0
0,0,0,0,63,1,2,1,0,2,0,0,2,2,2,0,0,97.45,6253.0
1,0,1,1,72,1,2,0,2,0,2,2,2,2,2,1,1,83.55,6093.3
0,0,1,1,71,1,0,0,2,0,2,2,2,2,2,1,1,82.0,5999.85
1,0,1,1,29,0,1,0,2,2,2,2,0,2,1,1,1,55.35,1636.95
0,0,0,0,25,0,1,0,0,0,2,0,2,2,0,1,2,48.25,1293.8
0,1,0,0,27,1,2,1,0,0,2,0,0,2,0,0,1,88.3,2467.75
0,0,1,0,70,1,2,1,0,0,2,2,2,2,2,1,0,104.3,7188.5
1,0,1,0,5,1,2,1,0,2,0,2,0,0,0,1,2,85.4,401.1
1,0,1,1,13,0,1,0,2,2,0,2,0,0,2,0,3,40.55,590.35
1,0,1,1,31,1,2,0,0,0,0,0,0,2,0,0,0,59.7,1825.5
0,0,1,0,59,1,0,1,0,2,0,2,2,2,2,1,3,100.05,6034.85
1,0,1,0,70,1,2,0,2,0,2,2,0,2,2,0,1,77.3,5498.2
1,0,0,0,1,1,0,0,0,0,0,0,0,0,0,1,3,44.95,44.95
0,0,0,0,39,1,0,1,2,0,2,2,2,0,1,1,2,95.55,3692.85
1,0,1,1,72,1,0,1,2,0,2,2,2,2,2,1,1,104.9,7559.55
0,0,0,0,12,1,0,2,1,1,1,1,1,1,0,0,3,19.45,246.25
0,0,1,0,64,1,2,1,0,2,2,2,2,2,0,1,2,111.15,6953.4
1,0,0,1,1,0,1,0,0,0,0,0,0,0,0,0,2,24.75,24.75
1,0,0,0,3,1,0,2,1,1,1,1,1,1,0,1,2,20.25,61.45
0,0,0,0,11,1,2,1,0,0,0,0,0,0,0,0,2,75.25,888.65
0,1,0,0,4,1,2,1,0,0,0,0,0,0,0,1,2,74.45,294.45
1,1,1,0,72,0,1,0,2,2,2,2,2,2,2,1,1,64.45,4641.1
0,0,1,1,71,1,0,1,0,0,2,0,0,0,2,0,2,76.05,5436.45
0,0,1,1,31,1,0,2,1,1,1,1,1,1,0,1,3,19.55,658.95
1,0,1,1,43,1,0,2,1,1,1,1,1,1,1,1,3,19.2,776.25
1,1,1,0,65,1,2,1,0,2,2,0,2,2,0,1,2,104.35,6578.55
0,0,1,1,49,1,2,1,0,2,0,0,2,2,0,1,2,98.35,4889.2
1,0,1,0,43,1,0,0,0,0,0,0,2,0,1,1,3,56.35,2391.15
0,1,1,0,21,1,2,0,0,2,2,0,0,2,1,0,0,71.7,1497.05
0,0,0,0,20,1,0,2,1,1,1,1,1,1,0,1,1,18.9,347.65
0,0,0,0,9,1,2,1,0,0,0,0,0,0,0,1,2,74.75,706.6
1,1,0,0,35,1,2,1,0,0,2,0,2,2,0,1,2,101.4,3496.3
0,0,1,0,68,1,2,0,2,2,2,2,0,0,2,0,1,70.9,4911.35
1,1,1,0,69,1,2,1,0,2,0,0,2,0,0,1,2,89.95,6143.15
1,0,0,1,10,1,2,1,0,0,0,0,2,2,0,0,2,95.2,930.4
0,0,1,1,59,1,0,2,1,1,1,1,1,1,2,0,1,19.5,1222.65
1,0,0,0,15,0,1,0,0,0,2,0,2,2,1,0,2,50.75,688.2
0,0,0,0,11,1,2,1,0,0,0,2,2,0,0,0,2,90.15,987.95
1,0,0,0,3,1,0,1,0,0,0,0,2,0,0,1,2,78.5,242.05
0,0,0,0,30,1,2,0,0,2,2,0,2,0,1,1,1,68.95,2038.7
1,1,1,0,18,1,0,0,2,0,0,0,0,2,0,1,1,59.1,1011.05
1,0,1,1,1,1,0,2,1,1,1,1,1,1,1,0,3,19.65,19.65
0,0,0,1,46,1,2,1,0,0,2,2,0,0,0,1,0,84.8,3958.85
0,0,0,0,3,0,1,0,0,0,0,0,2,0,0,1,1,34.8,113.95
1,0,1,1,32,1,2,1,2,0,0,0,2,2,0,1,1,99.55,3204.65
1,0,1,1,47,1,2,1,0,0,2,2,2,2,0,1,0,107.35,5118.95
1,0,1,1,63,1,2,1,0,2,2,0,2,2,2,1,0,104.8,6597.25
1,1,1,1,56,1,2,1,2,0,2,0,2,2,1,1,0,104.55,5794.65
0,0,0,0,1,1,0,1,0,0,2,0,2,2,0,0,2,94.4,94.4
1,0,1,1,71,1,2,1,2,2,2,2,2,2,2,1,0,116.05,8297.5
1,0,1,1,26,1,2,1,0,0,0,0,2,0,0,1,2,83.75,2070.6
0,1,1,1,28,0,1,0,0,2,0,0,0,2,1,1,2,39.1,1096.6
1,0,1,0,1,1,0,1,0,0,0,0,0,0,0,0,2,70.0,70.0
1,1,1,1,1,1,0,0,0,0,0,2,0,0,0,1,1,49.25,49.25
1,0,1,0,21,1,0,0,0,0,0,0,2,0,0,0,0,54.6,1125.2
0,0,1,1,62,1,2,1,0,2,0,2,2,2,1,1,1,106.05,6703.5
0,0,1,0,72,1,2,1,2,2,0,0,0,2,2,1,1,94.45,6921.7
1,0,1,0,9,0,1,0,0,0,0,2,2,0,0,0,3,40.65,328.95
0,1,0,0,64,0,1,0,0,2,0,2,2,0,0,1,2,43.85,2751.0
0,0,0,0,52,1,0,2,1,1,1,1,1,1,1,0,3,20.65,1022.95
0,1,0,0,47,1,2,1,0,2,0,2,2,0,0,1,2,95.05,4504.55
0,0,1,0,58,1,2,1,2,2,2,0,2,2,2,1,0,109.45,6144.55
1,0,1,1,38,1,2,0,0,2,2,0,2,2,1,0,1,78.95,2862.55
1,0,1,1,65,1,0,2,1,1,1,1,1,1,2,1,1,19.85,1267.05
0,0,0,0,16,1,2,1,0,2,2,0,0,2,0,1,1,95.6,1555.65
1,0,1,0,1,1,0,1,0,0,0,2,2,0,0,1,2,84.8,84.8
1,0,0,0,37,1,0,2,1,1,1,1,1,1,1,0,1,20.15,785.75
1,1,0,0,17,1,0,1,0,2,2,0,2,2,0,1,2,101.8,1752.45
1,1,1,0,58,1,2,1,0,0,2,0,2,2,0,1,2,98.7,5812.6
1,0,0,0,59,1,0,2,1,1,1,1,1,1,2,0,3,19.35,1099.6
0,0,0,0,1,1,0,1,0,0,0,0,0,0,0,0,3,70.9,70.9
0,0,1,0,62,1,2,0,2,2,0,2,2,2,2,1,2,84.95,5150.55
0,0,0,0,7,1,0,1,0,0,0,0,0,0,0,1,3,69.9,497.3
1,0,1,1,53,1,2,0,2,2,0,0,0,2,2,0,0,69.7,3686.05
1,0,1,0,71,1,2,1,0,2,0,2,2,2,2,1,1,104.15,7365.3
1,0,1,0,69,1,0,0,2,2,2,2,2,2,2,1,3,84.7,5878.9
0,0,1,1,72,1,0,2,1,1,1,1,1,1,2,0,0,20.1,1460.85
1,0,1,1,62,1,0,2,1,1,1,1,1,1,2,0,0,20.45,1297.35
1,0,1,0,60,1,0,0,2,0,0,0,2,0,1,1,3,59.8,3561.15
1,0,0,0,9,1,0,0,2,0,0,2,0,2,0,0,3,64.95,547.8
0,0,1,0,2,1,0,0,0,0,0,0,0,0,0,1,2,45.0,89.75
1,0,0,0,46,0,1,0,0,0,2,2,0,0,1,0,1,33.7,1537.85
0,0,1,1,50,1,2,1,0,0,0,0,2,0,0,1,0,84.4,4116.15
0,0,0,0,3,1,0,2,1,1,1,1,1,1,0,0,2,20.2,65.95
1,0,0,1,39,1,0,2,1,1,1,1,1,1,1,0,0,19.35,779.2
0,0,0,0,29,0,1,0,0,2,0,0,0,0,0,1,2,30.6,856.35
1,1,0,0,24,1,2,1,0,2,0,0,0,0,0,1,2,80.5,2088.45
1,1,1,0,20,1,0,1,0,2,0,0,0,0,0,1,2,73.65,1463.5
0,1,0,0,4,1,2,1,0,0,0,0,2,2,0,1,2,95.45,396.1
1,1,0,0,31,1,2,1,0,2,0,0,2,0,0,1,2,90.7,2845.15
1,0,0,0,1,1,0,1,0,0,0,0,0,2,0,1,2,80.8,80.8
0,0,1,1,67,0,1,0,0,2,2,2,2,2,2,1,2,59.55,4103.9
1,0,1,1,68,1,2,0,0,2,2,2,0,2,1,1,0,75.8,5293.95
1,1,1,0,32,1,0,1,0,0,0,0,0,2,0,1,1,80.3,2483.05
1,0,1,1,42,0,1,0,0,2,2,0,0,2,1,1,1,45.1,2049.05
0,0,0,0,68,1,2,0,2,0,0,0,0,0,0,0,3,54.45,3687.75
1,0,0,0,5,1,2,1,0,0,0,0,0,0,0,1,0,75.9,357.75
1,0,1,1,67,1,2,1,2,2,0,2,0,0,1,0,2,89.55,6038.55
0,0,0,0,26,1,2,1,0,0,2,0,0,0,0,1,2,80.7,2193.0
1,0,0,0,40,0,1,0,2,2,2,0,2,2,1,0,1,62.05,2511.55
1,0,0,0,21,1,0,2,1,1,1,1,1,1,2,0,3,19.6,390.4
0,0,1,1,26,0,1,0,2,2,0,2,0,0,0,0,1,38.85,1025.15
0,0,0,0,56,0,1,0,0,0,0,0,2,2,0,1,1,44.85,2564.95
1,0,0,0,23,1,0,2,1,1,1,1,1,1,0,0,2,20.85,473.9
0,0,1,1,13,1,0,2,1,1,1,1,1,1,2,0,3,20.85,272.35
1,0,0,0,1,1,2,0,0,2,0,2,0,0,0,0,3,60.1,60.1
0,0,0,0,7,1,0,0,0,0,0,2,2,2,0,1,1,70.75,450.8
1,0,0,0,11,1,0,1,0,0,0,0,0,0,0,0,2,70.2,760.05
0,0,0,0,72,1,2,1,2,2,2,2,2,2,2,1,1,112.75,8192.6
1,0,1,0,62,0,1,0,0,0,0,2,2,0,2,1,0,39.0,2337.45
1,0,1,0,72,1,2,2,1,1,1,1,1,1,2,0,3,25.4,1710.9
0,0,0,1,10,1,2,0,2,0,2,2,0,2,1,0,1,73.55,693.3
0,1,1,0,3,1,0,1,0,2,0,0,0,0,0,1,0,74.6,239.05
0,0,0,0,3,1,0,1,0,0,2,0,0,0,0,1,3,74.75,238.1
1,0,1,0,29,1,2,1,0,2,0,0,0,0,0,1,0,80.15,2265.25
1,0,0,0,1,1,0,2,1,1,1,1,1,1,2,0,3,20.45,20.45
0,0,0,0,11,1,0,2,1,1,1,1,1,1,1,0,3,20.0,211.95
1,0,0,0,10,1,2,2,1,1,1,1,1,1,0,1,2,24.0,226.55
0,0,1,1,12,1,0,2,1,1,1,1,1,1,0,1,1,20.1,232.4
0,0,0,0,6,1,0,0,0,0,0,0,0,2,0,1,2,55.0,340.4
0,0,0,1,1,1,0,1,0,0,0,0,2,0,0,1,2,79.35,79.35
1,0,0,0,40,1,2,2,1,1,1,1,1,1,2,1,3,24.6,973.95
0,0,0,0,15,1,2,1,0,2,0,0,0,0,0,1,2,79.75,1111.85
0,0,1,0,71,1,0,0,2,0,2,2,2,2,2,0,0,81.85,5924.4
1,0,1,0,32,1,2,1,0,0,0,2,0,0,1,1,2,79.25,2619.15
1,0,1,0,67,1,2,1,0,2,2,0,0,2,2,1,2,93.15,6368.2
0,0,0,0,1,1,0,1,0,0,0,0,0,0,0,0,0,69.7,69.7
1,1,1,0,36,1,0,0,0,0,2,2,0,0,1,0,1,54.1,1992.85
1,0,0,1,66,1,0,2,1,1,1,1,1,1,2,0,1,19.95,1269.1
1,0,0,0,9,1,2,1,0,0,0,0,2,0,0,1,2,85.35,758.6
1,0,1,1,35,1,2,1,0,2,0,0,2,0,0,1,0,89.65,3161.6
0,0,1,0,12,1,0,0,0,0,0,0,0,0,0,0,0,45.9,505.95
1,0,0,0,72,1,2,0,2,2,2,2,0,0,2,0,0,69.65,4908.25
0,0,0,0,37,1,0,2,1,1,1,1,1,1,1,1,2,19.8,695.05
1,0,0,0,16,1,0,2,1,1,1,1,1,1,0,1,1,20.6,330.25
0,0,0,1,7,1,0,1,0,0,0,0,0,0,0,1,2,71.05,472.65
0,1,1,0,38,1,0,1,2,0,0,0,0,2,0,1,2,83.45,3147.15
1,0,1,1,68,1,0,1,2,2,2,0,2,2,2,1,0,105.25,7173.15
1,0,1,1,40,1,2,2,1,1,1,1,1,1,2,0,1,25.25,1006.9
0,0,0,0,29,1,2,1,0,0,0,0,0,0,0,1,1,76.0,2215.25
1,0,0,0,2,1,2,1,0,0,0,0,2,0,0,1,2,85.65,181.5
1,0,1,1,69,1,2,2,1,1,1,1,1,1,2,0,0,24.45,1718.2
0,0,0,0,1,1,0,1,2,0,0,0,2,2,0,1,2,95.6,95.6
0,1,0,0,71,1,2,0,2,2,2,2,2,2,2,0,3,89.85,6293.45
1,0,0,0,17,1,0,1,2,0,0,0,2,2,0,0,2,93.85,1625.65
1,1,1,0,45,1,2,1,0,2,2,2,2,0,1,1,0,98.7,4525.8
1,0,1,0,72,1,2,0,2,2,2,2,2,2,2,1,1,88.7,6301.7
0,0,0,0,11,1,0,0,0,0,0,0,0,0,0,1,3,44.65,472.25
1,0,1,1,65,1,2,1,0,0,2,2,2,2,2,1,0,104.1,6700.05
0,1,0,0,52,1,2,0,2,0,2,0,0,0,2,0,0,59.85,3103.25
0,0,0,0,48,1,2,2,1,1,1,1,1,1,2,0,1,24.0,1183.05
1,0,1,0,8,1,0,1,2,0,0,0,0,0,0,0,2,75.0,632.95
0,1,0,0,8,1,0,1,0,0,2,0,2,2,0,1,1,94.45,742.95
1,0,1,1,54,1,2,0,2,2,0,2,0,0,2,1,1,65.65,3566.7
1,1,1,0,11,1,0,1,0,0,0,0,0,0,0,1,2,70.2,834.7
0,0,1,0,68,1,2,2,1,1,1,1,1,1,2,0,1,25.8,1911.5
0,0,1,1,70,1,2,2,1,1,1,1,1,1,2,0,0,24.7,1685.9
0,0,0,1,26,1,0,1,0,2,2,2,2,2,2,1,2,105.45,2715.3
0,0,0,0,3,1,0,1,0,0,0,0,2,0,0,1,2,80.5,232.35
0,1,0,0,1,1,0,1,0,0,0,0,0,0,0,1,2,70.55,70.55
0,0,1,1,69,1,0,2,1,1,1,1,1,1,2,0,3,19.4,1346.2
0,0,0,0,2,1,0,0,0,0,0,0,0,0,0,0,2,44.45,82.7
0,0,1,1,71,1,2,1,2,0,2,2,0,2,2,0,2,100.45,7159.7
0,0,1,1,4,1,0,2,1,1,1,1,1,1,0,0,3,20.85,62.9
1,0,1,0,1,1,0,0,0,0,0,0,0,0,0,0,1,44.7,44.7
1,0,0,0,1,1,0,1,0,0,0,0,0,0,0,0,2,70.4,70.4
0,0,0,0,1,1,2,1,0,0,0,0,0,0,0,0,2,76.0,76.0
1,1,0,0,8,1,0,1,0,2,0,0,0,0,0,1,2,74.5,606.55
1,0,0,0,6,1,0,0,0,0,0,2,0,0,0,0,3,50.05,288.35
0,0,0,0,4,1,0,0,0,0,0,0,0,0,0,0,3,45.65,191.05
1,0,1,1,42,1,0,0,2,0,0,2,0,2,1,0,1,63.7,2763.35
1,0,1,1,33,1,0,2,1,1,1,1,1,1,1,0,1,20.1,620.55
1,0,1,1,39,1,0,0,2,0,2,2,2,2,1,0,1,80.0,3182.95
0,0,1,1,42,1,0,1,0,0,2,2,2,2,2,1,2,100.4,4303.65
1,1,0,0,13,1,2,1,0,2,2,0,2,2,0,1,2,106.9,1364.3
0,0,0,0,1,1,0,1,0,0,0,0,0,2,0,1,2,81.1,81.1
0,0,0,1,66,1,2,1,2,0,2,2,0,0,2,1,1,90.95,5930.05
0,0,1,1,70,1,2,0,2,0,0,0,0,2,1,0,0,65.2,4543.15
0,0,0,0,64,1,2,0,2,2,2,2,2,2,2,1,1,86.4,5442.05
1,0,0,0,3,1,0,1,0,0,2,2,2,2,0,1,2,98.7,293.65
0,0,1,0,72,1,2,0,2,0,2,2,2,2,2,1,0,84.9,6065.3
1,0,0,1,1,1,0,0,0,2,0,0,0,0,0,1,2,49.9,49.9
0,0,0,0,11,1,0,0,2,0,0,0,0,0,0,0,1,48.55,501.0
0,0,0,0,71,1,2,1,2,2,2,2,2,2,2,1,2,118.65,8477.6
1,0,1,1,56,1,0,1,0,2,2,2,0,0,1,1,3,85.85,4793.8
1,0,1,1,71,1,2,1,0,2,0,0,2,2,1,0,0,100.55,7113.75
0,0,1,0,19,1,2,1,0,2,0,0,0,2,0,1,2,89.1,1620.8
1,0,0,0,10,1,0,1,2,2,2,0,2,2,0,1,2,104.4,1081.45
0,0,0,0,65,1,0,0,2,2,0,2,0,0,2,1,3,59.6,3739.8
1,1,1,0,28,1,2,1,0,2,0,2,2,2,0,1,2,105.8,2998.0
0,0,1,0,1,1,0,1,0,0,0,0,0,0,0,1,3,69.4,69.4
1,1,0,0,39,1,2,1,0,2,0,0,0,2,0,0,2,90.7,3413.25
1,0,1,0,70,1,2,1,2,2,2,2,2,2,1,0,1,115.65,7968.85
0,0,1,0,2,1,2,1,0,0,0,0,2,0,0,1,2,84.05,134.05
0,0,1,1,21,1,0,1,0,2,2,2,2,2,0,1,2,102.8,2110.15
1,0,0,0,34,1,2,1,2,2,2,2,2,2,1,0,1,116.25,3899.05
0,0,1,1,2,1,0,1,0,0,0,0,0,0,0,1,2,71.65,135.75
0,0,1,0,65,1,0,0,2,2,2,0,0,2,2,0,0,71.0,4386.2
1,0,1,1,17,1,2,0,2,0,0,2,0,0,1,1,3,62.1,1096.65
1,0,0,0,46,0,1,0,0,2,0,0,0,0,0,0,0,30.3,1380.1
1,0,1,0,8,1,0,1,2,0,0,0,0,0,0,1,2,74.5,609.9
1,0,1,1,44,0,1,0,0,0,2,2,2,2,1,1,2,54.3,2317.1
1,0,0,0,50,1,2,0,0,0,2,2,0,2,2,0,0,69.5,3418.2
1,0,0,0,1,1,0,1,0,0,0,0,2,2,0,1,2,90.55,90.55
1,0,0,0,7,1,2,1,0,0,0,0,0,0,0,0,2,73.6,520.0
0,0,0,0,3,1,0,2,1,1,1,1,1,1,0,0,3,19.95,58.0
1,0,0,0,32,1,0,2,1,1,1,1,1,1,1,0,1,20.35,707.5
0,0,0,0,5,1,0,0,2,0,0,2,0,0,0,0,2,54.2,308.25
1,0,0,0,3,0,1,0,0,2,0,2,0,0,0,1,3,36.85,108.7
1,0,1,1,57,1,2,1,0,0,0,0,0,0,0,1,2,74.3,4018.35
1,0,1,1,52,0,1,0,0,2,2,2,2,0,2,0,3,50.2,2554.0
1,0,0,0,1,1,0,0,0,2,0,0,0,0,0,0,2,50.8,50.8
1,0,0,0,1,1,2,1,0,0,0,0,2,0,0,1,3,84.65,84.65
1,0,0,0,26,1,0,0,0,0,0,0,0,0,0,0,2,45.45,1233.15
0,0,0,0,31,1,2,1,0,0,0,0,0,0,0,1,2,76.05,2227.8
1,0,0,0,17,1,0,1,0,2,2,0,0,2,0,1,1,90.95,1612.2
0,0,0,0,27,1,0,2,1,1,1,1,1,1,2,1,0,20.25,538.2
0,0,1,0,29,1,2,1,0,0,0,0,0,0,0,1,2,74.95,2149.05
1,0,0,1,30,0,1,0,0,0,0,0,2,2,0,1,2,44.5,1307.8
0,0,1,0,46,1,2,0,2,0,0,0,0,0,0,0,2,53.1,2459.8
1,0,1,0,35,1,2,1,0,0,0,2,2,0,0,1,1,91.5,3236.35
0,0,1,0,29,1,0,2,1,1,1,1,1,1,2,1,3,19.55,521.8
1,0,1,0,52,1,0,1,2,2,2,2,2,2,2,1,2,106.3,5487.0
1,1,0,1,11,1,0,0,0,2,0,2,0,0,0,1,2,54.55,601.25
0,0,0,0,2,1,0,1,2,0,2,0,0,0,0,1,2,80.45,137.1
1,0,1,0,45,1,0,0,2,2,2,0,2,2,1,0,0,78.8,3597.5
0,1,0,0,57,0,1,0,0,2,2,0,2,2,0,1,2,55.0,3094.05
0,0,0,0,59,1,2,1,0,2,2,0,0,0,0,1,2,83.25,4949.1
0,0,0,0,62,1,0,0,2,0,0,2,0,2,2,1,3,65.1,3846.75
1,0,0,0,11,0,1,0,0,2,2,0,0,0,0,0,3,34.7,383.55
0,0,1,1,71,1,2,1,2,2,2,0,2,2,2,1,0,109.0,7661.8
0,0,0,0,9,1,0,2,1,1,1,1,1,1,0,0,3,20.25,186.15
0,0,0,0,43,1,0,0,0,2,0,2,0,0,1,0,2,55.45,2444.25
0,0,0,0,13,1,0,2,1,1,1,1,1,1,0,1,3,19.3,279.3
1,0,0,0,19,1,0,0,0,0,0,2,2,0,0,1,1,61.55,1093.2
1,0,1,0,7,0,1,0,2,2,0,0,0,0,0,0,3,34.2,256.6
1,0,0,1,71,1,0,0,2,2,2,2,2,0,2,1,1,76.9,5522.7
1,0,0,0,22,1,0,0,2,0,0,2,0,0,0,0,3,55.1,1253.15
1,0,0,0,44,1,0,1,0,0,2,2,2,2,2,0,0,100.1,4378.35
0,0,1,0,7,1,0,1,0,0,0,0,2,0,0,1,2,81.1,576.65
0,0,0,0,1,1,0,0,2,0,0,0,0,0,0,1,1,48.6,48.6
1,0,1,1,9,1,0,2,1,1,1,1,1,1,2,0,3,19.6,197.4
0,1,0,0,36,1,2,1,0,0,0,0,0,0,0,1,0,74.9,2659.45
1,0,1,0,13,1,2,0,0,0,2,0,2,2,1,1,3,75.3,989.45
0,0,0,0,12,1,0,2,1,1,1,1,1,1,1,1,0,19.35,219.35
1,1,1,0,19,0,1,0,0,2,2,0,0,0,0,1,1,34.3,577.15
1,0,1,1,30,1,2,0,2,0,0,0,0,0,0,1,0,54.45,1588.7
1,0,0,1,62,1,2,1,0,0,2,2,2,2,2,1,2,104.05,6590.5
1,0,0,0,1,1,0,2,1,1,1,1,1,1,0,0,3,20.2,20.2
0,0,1,1,62,1,2,0,0,0,0,0,2,2,0,1,1,70.45,4300.45
0,0,0,0,32,1,2,0,2,0,0,0,2,2,1,0,3,74.75,2282.95
1,0,1,0,40,1,2,1,0,0,0,0,2,2,0,1,0,97.1,3706.95
0,0,1,1,7,0,1,0,0,0,0,0,0,0,0,1,2,24.7,149.05
0,1,0,0,26,1,2,1,2,2,0,0,0,2,0,1,2,95.0,2497.2
1,0,0,0,52,1,0,1,0,0,2,0,0,2,0,1,1,83.8,4331.4
1,0,0,0,17,1,0,2,1,1,1,1,1,1,1,0,3,19.95,310.6
1,0,1,0,67,1,2,1,0,2,2,2,2,2,2,1,0,111.3,7567.2
0,0,1,0,20,1,0,1,0,0,0,0,0,0,0,1,0,69.8,1540.35
1,0,0,0,48,1,0,2,1,1,1,1,1,1,2,0,1,20.15,982.95
1,0,0,0,1,1,0,0,0,0,0,0,0,0,0,1,3,45.05,45.05
1,0,1,1,13,1,2,0,0,2,2,2,2,0,0,1,2,72.8,930.05
1,1,0,0,42,1,2,1,0,2,0,0,0,0,0,1,0,79.35,3344.1
1,0,1,1,8,1,0,2,1,1,1,1,1,1,1,0,1,19.9,153.95
0,0,1,1,68,1,2,0,2,2,2,2,0,2,1,1,2,78.45,5333.35
1,0,0,0,60,1,2,1,2,2,2,2,2,2,1,1,1,116.6,7049.5
1,0,1,0,18,1,2,1,2,0,0,0,2,2,0,1,2,99.4,1742.95
1,0,1,1,25,1,0,2,1,1,1,1,1,1,1,0,2,19.6,411.15
0,0,1,1,70,1,2,0,2,2,2,2,2,0,2,0,2,80.7,5617.95
0,0,1,1,13,1,0,0,2,0,2,0,0,2,0,1,3,63.15,816.8
0,0,1,0,35,1,0,1,0,0,0,0,0,0,0,1,2,70.3,2416.55
1,0,1,1,11,1,2,0,2,0,0,0,2,0,0,1,0,65.15,723.35
0,0,1,0,72,1,2,1,2,0,2,0,2,2,2,1,1,105.0,7589.8
0,0,1,0,17,0,1,0,0,2,2,0,0,0,0,1,1,35.65,646.05
1,0,1,1,71,1,0,2,1,1,1,1,1,1,2,0,3,19.8,1396.25
1,0,1,0,8,1,0,2,1,1,1,1,1,1,0,0,3,20.25,158.35
1,0,0,0,9,1,0,1,2,0,0,0,0,0,0,0,2,75.6,661.55
1,0,0,0,72,1,0,2,1,1,1,1,1,1,2,0,0,19.3,1414.8
1,0,0,0,23,1,0,2,1,1,1,1,1,1,1,0,0,20.15,405.6
1,0,0,0,5,1,2,1,0,0,2,0,2,0,0,1,2,92.5,452.7
1,0,1,1,47,1,2,1,0,2,0,0,2,2,0,1,2,99.35,4749.15
0,0,1,1,37,1,0,2,1,1,1,1,1,1,0,0,2,19.35,683.75
0,0,0,1,10,1,0,1,0,0,2,2,2,0,0,1,2,91.1,964.35
1,0,1,0,15,1,2,1,0,0,2,2,2,2,0,1,2,103.45,1539.8
1,0,0,0,5,1,2,1,0,2,2,0,2,2,0,0,3,104.1,541.9
0,0,0,0,52,1,2,1,2,2,0,2,2,2,1,1,1,111.25,5916.45
1,1,1,0,67,1,2,1,0,2,0,2,2,2,2,0,0,102.9,6989.7
1,1,0,0,9,1,2,1,0,0,0,0,0,0,0,1,2,74.05,678.45
0,1,0,0,21,0,1,0,2,0,0,0,2,0,0,1,2,41.9,840.1
1,0,0,0,3,1,0,1,0,0,0,0,0,2,0,1,2,80.35,253.8
0,0,0,0,2,0,1,0,0,0,0,0,0,0,0,0,2,24.5,46.4
1,1,0,0,70,0,1,0,0,2,2,0,2,0,1,1,1,44.05,3011.65
0,0,1,1,71,1,0,2,1,1,1,1,1,1,2,0,0,19.9,1389.35
1,1,1,0,71,1,2,2,1,1,1,1,1,1,2,0,0,24.85,1901.0
1,0,0,0,1,1,0,2,1,1,1,1,1,1,0,0,1,20.55,20.55
0,0,0,0,1,1,0,0,0,2,0,0,0,0,0,0,2,49.5,49.5
0,1,1,1,47,1,0,1,0,0,0,0,0,0,0,0,0,70.55,3309.25
0,0,1,0,67,1,2,1,0,2,2,2,2,2,1,1,1,109.7,7344.45
0,0,1,1,20,1,0,2,1,1,1,1,1,1,1,0,0,19.7,395.6
0,0,0,0,72,1,2,1,2,0,0,2,0,0,2,1,0,84.7,6185.15
0,0,0,1,63,1,0,2,1,1,1,1,1,1,2,0,1,19.5,1215.1
0,0,0,0,2,1,0,1,0,0,0,0,0,0,0,1,2,70.15,123.8
1,0,1,0,71,1,2,0,2,0,2,2,2,2,2,0,2,83.2,6126.1
0,0,1,1,10,1,0,0,0,2,2,0,0,0,0,1,3,55.55,551.3
0,0,1,0,60,1,2,1,0,2,2,2,2,2,2,1,1,110.8,6640.7
0,0,0,0,1,1,0,2,1,1,1,1,1,1,0,1,3,20.25,20.25
1,1,0,0,31,1,2,1,0,0,2,2,2,0,0,1,0,96.6,2877.95
0,0,0,0,9,1,0,2,1,1,1,1,1,1,0,1,1,20.45,147.55
1,0,0,0,2,1,0,1,0,0,0,0,0,0,0,1,1,69.8,134.7
1,0,1,1,60,1,2,1,2,0,2,0,2,0,1,1,0,95.4,5812.0
1,1,0,0,1,0,1,0,0,0,0,0,0,0,0,1,2,25.1,25.1
1,0,0,0,8,1,0,0,0,0,0,0,0,0,0,0,3,43.55,335.4
0,0,1,1,49,1,0,0,2,0,2,2,0,0,0,0,0,61.75,3024.15
1,1,1,0,17,1,0,1,0,2,0,0,0,0,0,1,2,76.45,1233.4
0,0,0,0,1,1,0,1,0,2,0,2,2,0,0,0,2,91.7,91.7
0,0,1,1,25,1,0,2,1,1,1,1,1,1,1,0,3,20.05,520.1
0,0,1,0,71,1,2,2,1,1,1,1,1,1,2,1,1,24.4,1725.4
0,0,0,0,56,1,2,1,0,2,2,0,2,2,1,1,2,106.8,5914.4
1,0,1,0,22,1,2,1,2,0,0,2,2,0,0,0,1,95.9,2234.95
0,0,1,1,40,1,2,1,0,0,2,2,0,0,0,1,2,84.85,3303.05
1,0,1,1,52,1,0,0,0,2,2,2,2,0,1,1,2,68.75,3482.85
1,0,0,0,41,1,0,1,0,2,0,2,2,0,1,1,2,89.55,3729.75
0,0,0,0,2,1,0,2,1,1,1,1,1,1,0,0,0,18.75,53.15
0,0,0,0,70,1,2,1,0,2,0,0,2,2,1,0,2,98.9,6838.6
1,0,1,0,59,1,2,1,2,2,2,0,2,2,1,1,2,110.15,6448.05
0,1,1,1,3,1,0,1,2,0,0,2,2,0,0,1,3,88.3,273.75
0,0,1,0,17,1,2,0,0,2,0,0,2,2,0,1,0,75.4,1322.55
1,0,1,0,10,1,2,1,0,0,0,0,0,2,0,1,2,85.25,855.3
1,0,1,0,68,1,2,0,2,2,2,2,2,2,2,1,1,90.8,6302.85
1,0,0,0,52,1,2,1,0,0,2,0,0,2,2,1,1,89.45,4577.75
1,0,1,1,54,1,0,1,0,2,0,2,0,0,2,1,0,79.95,4362.05
0,0,1,1,15,1,2,2,1,1,1,1,1,1,0,1,2,25.25,394.85
1,0,0,0,1,1,0,0,0,0,0,0,0,0,0,0,3,46.3,46.3
1,0,1,1,32,1,0,2,1,1,1,1,1,1,0,1,1,19.45,674.55
0,0,1,1,4,1,0,0,2,0,0,0,0,0,0,0,2,50.3,217.1
0,0,0,0,28,1,0,1,0,0,0,0,0,2,0,1,2,80.6,2244.95
1,0,1,1,23,1,2,2,1,1,1,1,1,1,1,0,3,24.35,538.5
1,0,1,0,72,1,2,1,0,2,2,0,2,2,2,1,0,103.75,7346.2
1,0,0,0,2,1,0,1,0,0,2,0,2,2,0,0,2,94.95,178.1
1,0,1,0,72,1,2,1,2,2,2,2,2,2,2,1,1,114.1,8086.4
1,0,1,1,32,1,0,2,1,1,1,1,1,1,2,0,3,18.95,613.95
0,0,1,0,40,1,2,0,0,2,0,0,2,0,1,0,0,63.9,2635.0
0,0,0,0,12,1,2,1,0,2,0,0,2,0,0,1,0,89.75,1052.4
1,0,1,0,40,1,0,1,0,2,2,0,0,0,0,1,2,80.0,3168.75
0,0,0,0,45,1,0,0,2,2,0,2,0,0,1,1,1,62.55,2796.45
0,0,0,0,18,1,2,1,0,0,0,2,2,0,0,1,2,88.35,1639.3
1,1,1,0,30,1,2,1,2,2,2,2,2,0,0,1,0,105.7,3181.8
0,1,0,0,27,1,2,1,0,0,0,0,0,2,0,1,2,85.25,2287.25
0,0,1,1,35,1,0,2,1,1,1,1,1,1,1,0,3,19.65,708.8
0,0,0,0,53,1,2,1,2,2,2,0,2,0,1,0,3,98.6,5311.85
0,1,0,0,13,1,2,1,2,0,0,0,2,2,0,1,2,100.8,1308.1
0,0,0,1,44,1,2,0,0,2,0,0,2,2,1,1,3,77.55,3471.1
1,0,1,0,72,1,0,0,2,2,0,2,2,2,2,1,0,79.35,5753.25
1,0,0,0,41,1,2,0,0,0,2,0,0,2,1,0,3,65.0,2531.8
0,0,1,0,63,1,2,0,2,2,0,0,2,2,1,1,1,79.7,4786.15
1,0,1,0,47,1,0,0,0,2,2,0,2,2,2,0,2,73.6,3522.65
0,1,0,0,64,1,0,0,2,2,0,2,2,0,2,1,1,70.2,4481.0
0,0,1,1,14,1,2,1,0,2,0,0,0,2,0,1,0,90.9,1259.0
0,0,1,0,72,0,1,0,2,2,2,0,0,2,2,1,2,49.2,3580.95
1,0,1,1,72,1,2,2,1,1,1,1,1,1,2,1,1,25.1,1790.8
1,0,1,1,17,1,0,1,2,0,2,0,2,0,0,1,2,89.4,1539.45
1,0,0,0,18,1,0,2,1,1,1,1,1,1,1,0,3,20.1,401.85
0,0,1,1,27,1,2,2,1,1,1,1,1,1,2,0,2,24.5,761.95
0,0,0,1,67,1,2,1,0,2,0,2,2,2,2,1,2,104.0,7039.05
0,0,0,0,4,1,0,2,1,1,1,1,1,1,0,0,3,20.05,83.3
0,1,0,0,2,1,2,1,0,0,0,0,0,0,0,1,3,75.45,158.4
1,0,0,0,1,1,0,1,0,0,0,0,0,2,0,1,2,79.25,79.25
1,0,1,1,19,1,0,2,1,1,1,1,1,1,1,0,3,19.9,357.7
0,0,0,0,12,1,0,0,0,0,0,0,0,0,0,1,2,45.05,523.1
0,0,1,1,72,1,0,0,2,2,2,2,2,2,2,0,0,85.3,6129.2
1,0,1,1,57,1,0,0,2,2,0,2,0,0,1,0,3,59.6,3509.4
1,0,0,0,30,1,2,0,2,0,0,0,0,2,0,1,3,64.5,1888.45
1,0,0,0,1,1,2,1,0,0,0,0,2,0,0,0,2,84.5,84.5
1,1,0,0,12,1,0,1,0,2,2,2,0,0,0,1,3,83.8,1029.75
0,0,1,0,50,1,2,1,2,0,2,0,2,2,1,1,3,104.4,5232.9
0,0,0,0,23,1,0,1,0,2,2,2,0,0,0,0,0,83.2,2032.3
1,0,1,0,55,1,0,0,2,2,2,0,0,0,2,0,2,58.6,3068.6
1,0,1,0,35,1,2,0,0,2,0,2,2,0,1,1,2,69.0,2441.7
0,0,0,0,1,0,1,0,0,0,0,0,0,0,0,1,3,25.1,25.1
1,0,0,0,27,1,2,1,0,0,2,0,2,2,1,1,0,100.5,2673.45
0,0,1,1,30,1,2,1,0,0,2,0,2,2,0,1,2,100.05,3046.15
0,1,1,0,22,1,2,0,2,2,0,2,0,0,0,1,3,63.55,1381.8
1,1,0,0,24,1,2,0,0,2,0,0,0,0,0,0,1,54.8,1291.3
0,1,0,0,59,1,2,1,0,0,2,0,2,2,1,1,2,99.5,5890.0
1,0,0,0,1,1,0,0,0,0,0,0,0,2,0,1,2,55.25,55.25
1,0,1,1,17,0,1,0,2,0,2,0,2,0,1,0,1,44.45,792.15
0,0,0,0,26,1,2,1,0,0,2,0,2,2,0,1,0,100.5,2599.95
0,0,1,1,13,1,0,1,0,0,0,0,2,2,0,0,2,88.35,1222.8
0,0,0,0,58,1,2,2,1,1,1,1,1,1,2,0,1,24.35,1423.85
0,1,0,0,44,1,2,1,2,2,2,0,2,2,1,1,1,109.8,4860.35
1,0,1,1,67,1,2,1,0,2,2,0,0,0,1,0,2,87.4,5918.8
0,0,0,0,5,1,2,1,0,0,0,0,0,0,0,0,2,75.55,413.65
1,1,1,0,16,1,0,1,0,0,0,0,0,0,0,1,0,71.8,1167.8
0,0,1,1,57,1,2,0,2,0,2,2,2,2,2,1,2,84.5,4845.4
0,0,0,0,12,1,0,1,0,0,0,0,0,2,0,0,0,78.1,947.3
0,0,0,0,24,1,2,2,1,1,1,1,1,1,2,0,1,25.15,553.0
1,1,0,0,54,1,0,0,0,0,2,2,0,2,1,0,0,65.25,3529.95
0,0,1,1,1,1,0,1,0,2,0,0,0,0,0,1,2,74.7,74.7
1,0,1,0,72,1,2,0,2,2,2,2,0,2,2,0,1,79.55,5810.9
1,0,0,1,11,1,2,1,0,0,2,0,0,0,0,1,3,78.0,851.8
1,0,1,1,42,1,0,2,1,1,1,1,1,1,1,0,3,20.25,854.9
0,0,0,1,44,1,0,2,1,1,1,1,1,1,2,0,3,19.9,868.1
1,1,0,0,1,0,1,0,0,0,2,0,0,2,0,1,2,39.65,39.65
0,0,1,1,54,1,2,2,1,1,1,1,1,1,1,1,0,24.75,1342.15
1,0,1,1,64,1,0,2,1,1,1,1,1,1,2,1,0,19.7,1274.05
1,0,0,0,33,1,2,1,2,0,0,0,0,0,1,0,0,80.1,2603.3
0,0,1,1,35,1,2,2,1,1,1,1,1,1,0,1,2,25.75,882.55
1,0,0,0,8,1,2,1,0,2,0,0,2,2,0,0,2,100.85,819.55
0,0,1,0,8,1,0,0,2,0,0,2,0,2,2,0,3,65.5,564.35
0,0,0,1,13,1,0,0,0,0,2,2,0,0,0,0,3,53.45,718.1
1,0,1,1,4,1,2,0,0,0,0,0,0,0,0,1,2,50.9,225.6
1,0,1,1,72,1,2,0,2,2,2,2,2,2,2,1,1,90.6,6441.85
0,1,0,0,17,1,2,1,0,0,0,0,2,2,0,1,2,94.2,1608.15
0,0,1,1,58,1,2,1,0,2,2,0,2,2,1,1,1,105.2,6225.4
1,0,0,0,72,1,2,1,0,2,2,0,2,2,1,1,2,104.95,7544.3
1,0,0,0,2,1,0,2,1,1,1,1,1,1,0,1,3,19.65,38.8
0,0,0,0,17,1,0,0,2,2,0,2,2,2,1,0,1,79.85,1387.35
1,0,1,0,10,1,0,1,0,0,0,0,2,0,0,1,2,79.95,857.2
0,0,1,0,22,1,2,0,2,0,0,2,2,2,0,1,2,79.2,1742.75
1,0,0,0,3,1,0,0,0,0,0,0,0,0,0,1,2,45.35,141.5
1,0,0,0,25,1,2,2,1,1,1,1,1,1,1,0,0,25.3,676.35
0,0,1,1,69,1,2,1,2,2,2,2,2,2,2,0,1,113.25,7895.15
1,0,0,1,71,1,2,2,1,1,1,1,1,1,2,0,3,24.35,1654.6
1,0,1,1,68,1,2,1,0,2,0,0,2,2,1,1,1,101.05,6770.5
0,0,0,0,63,1,0,0,0,0,2,0,0,2,1,0,1,58.55,3503.5
1,1,0,0,24,1,2,1,0,2,2,0,2,2,0,1,1,102.95,2496.7
0,0,1,0,46,1,2,2,1,1,1,1,1,1,1,1,0,24.45,1066.15
0,0,0,0,30,1,0,0,2,2,2,2,2,2,1,0,0,85.35,2530.4
1,0,1,1,68,1,2,2,1,1,1,1,1,1,2,1,0,24.0,1664.3
1,0,1,1,4,0,1,0,2,0,0,0,2,0,0,0,1,38.55,156.1
0,1,0,0,1,1,2,1,0,0,0,0,2,0,0,1,2,85.7,85.7
1,0,1,1,23,1,0,1,2,0,0,2,2,2,0,1,2,99.85,2331.3
0,0,0,0,27,1,0,0,2,2,0,0,0,0,2,0,0,52.85,1498.65
0,0,1,1,6,1,0,0,0,0,0,0,0,0,0,0,3,45.5,285.2
1,0,0,1,64,1,0,1,0,2,0,2,2,2,0,1,1,99.15,6171.2
0,0,1,0,2,1,0,0,2,0,0,0,0,2,0,1,3,62.15,113.1
1,1,1,0,40,1,0,0,0,0,0,0,0,2,1,0,2,55.8,2283.3
0,0,1,0,9,1,0,1,0,0,2,0,0,0,0,1,0,75.75,655.9
0,0,1,1,33,1,2,1,0,2,2,2,0,0,0,0,1,88.6,2888.7
1,0,0,0,23,1,2,1,0,0,2,2,2,2,0,1,3,104.05,2470.1
0,0,1,1,72,0,1,0,0,2,0,2,2,2,2,0,1,53.65,3784.0
0,0,1,1,71,1,2,0,2,2,2,2,2,2,2,1,1,90.55,6239.05
1,0,1,1,68,1,0,1,0,2,2,2,2,2,1,0,1,105.75,7322.5
0,1,1,0,39,1,0,1,2,2,0,0,2,2,1,0,3,99.1,3877.95
0,0,0,0,19,0,1,0,0,0,0,0,2,2,1,1,1,44.85,893.55
0,0,1,1,61,1,2,2,1,1,1,1,1,1,2,1,3,24.2,1445.2
0,0,1,1,12,0,1,0,0,2,0,0,0,0,0,0,3,29.2,309.1
1,0,1,1,72,1,2,1,0,2,0,0,2,0,1,1,2,89.7,6588.95
0,1,1,1,61,1,2,0,0,0,2,0,2,0,1,1,2,65.2,3965.05
1,0,0,0,3,1,0,2,1,1,1,1,1,1,0,0,3,20.7,57.5
0,0,1,1,72,1,2,0,2,2,0,2,2,0,2,0,3,74.55,5430.65
0,0,1,1,30,1,0,2,1,1,1,1,1,1,1,0,0,19.55,608.5
0,0,0,0,35,1,2,1,0,0,2,0,2,2,0,1,2,100.25,3527.6
0,0,0,0,3,0,1,0,0,2,0,0,2,2,0,1,2,50.6,155.35
0,0,0,0,49,1,0,1,0,0,2,2,2,2,2,0,1,100.65,4917.75
1,0,0,0,5,1,0,1,0,0,0,0,0,0,0,1,2,69.75,324.6
1,0,1,0,71,1,2,1,0,2,2,2,2,2,1,1,0,113.15,7953.25
0,0,1,0,2,1,0,2,1,1,1,1,1,1,0,0,0,19.85,52.0
1,0,0,0,1,1,0,1,0,0,0,0,2,2,0,1,2,89.25,89.25
1,0,1,0,54,1,0,1,2,2,2,2,2,2,2,0,0,109.75,6110.2
0,0,0,1,1,1,0,1,2,0,0,0,0,0,0,1,3,73.6,73.6
1,1,0,0,12,1,2,1,0,0,2,0,2,2,0,1,2,99.45,1200.15
0,1,0,0,45,1,2,1,2,2,0,2,2,0,0,1,2,97.05,4385.05
1,0,1,0,18,1,0,0,0,0,0,0,0,0,0,1,0,44.35,768.05
1,0,0,0,43,1,0,1,2,2,2,2,0,0,1,1,1,90.65,3882.3
1,0,1,1,66,1,2,2,1,1,1,1,1,1,2,1,1,25.3,1672.35
1,0,0,0,1,1,0,1,0,0,0,0,0,0,0,1,3,70.6,70.6
1,1,0,0,1,1,0,2,1,1,1,1,1,1,0,0,3,20.05,20.05
1,0,1,1,69,1,0,2,1,1,1,1,1,1,2,0,0,20.2,1376.5
0,0,1,1,66,1,2,0,2,2,2,2,2,2,2,0,1,89.9,5958.85
1,0,0,1,21,1,2,2,1,1,1,1,1,1,0,0,3,24.7,467.15
1,0,0,0,1,1,2,1,0,0,0,0,2,2,0,1,2,95.45,95.45
1,0,0,0,24,1,2,1,0,2,2,0,0,0,0,1,0,84.85,2048.8
1,0,1,0,60,1,0,2,1,1,1,1,1,1,2,1,0,20.5,1198.8
1,0,0,0,27,1,0,0,2,0,2,2,2,0,1,0,1,69.35,1927.3
1,1,1,0,54,1,2,1,0,0,0,0,0,0,0,0,0,74.0,3919.15
1,0,0,0,14,0,1,0,0,0,2,2,2,2,0,1,2,55.0,771.95
1,1,1,1,20,1,0,1,2,0,2,2,0,2,1,0,1,94.3,1818.3
0,0,1,1,43,1,2,2,1,1,1,1,1,1,1,1,0,24.45,993.15
0,1,0,0,2,1,0,1,0,0,0,0,0,2,0,1,0,79.75,159.4
0,0,0,0,36,1,2,0,2,0,2,2,2,2,1,1,1,89.65,3348.1
0,1,1,0,60,1,0,1,2,2,2,2,2,2,2,1,0,110.0,6668.35
1,0,1,0,61,1,2,1,0,0,0,0,2,2,1,1,0,96.5,5673.7
0,0,1,1,3,1,0,1,0,0,0,0,0,2,0,1,2,80.3,250.05
0,0,1,1,17,1,2,1,2,0,2,0,2,2,0,1,2,104.2,1743.5
0,0,1,1,25,0,1,0,2,2,2,0,2,2,0,1,1,58.6,1502.65
0,0,0,0,33,1,2,0,2,0,0,2,0,0,1,0,2,59.4,1952.8
0,0,1,1,65,1,2,1,2,0,2,0,2,2,2,1,1,104.3,6725.3
1,0,1,0,72,1,2,1,2,0,2,2,2,2,2,1,1,111.9,8071.05
1,0,0,0,2,1,0,1,0,0,0,0,0,2,0,1,2,80.2,181.1
0,1,0,0,5,1,0,0,2,2,0,2,0,0,0,0,1,59.9,287.85
0,0,0,0,25,1,0,1,2,2,0,0,0,0,0,1,0,79.85,2015.35
0,0,0,0,8,1,0,2,1,1,1,1,1,1,2,0,3,20.0,141.6
0,0,0,0,71,1,0,0,2,2,2,2,2,0,2,0,1,77.35,5550.1
0,0,0,0,60,1,2,1,0,2,2,0,2,2,2,0,2,104.7,6333.8
1,0,1,1,34,0,1,0,0,0,0,2,2,0,2,1,2,40.55,1325.85
1,0,0,1,39,0,1,0,0,0,2,2,2,2,1,0,0,54.85,2191.7
0,0,0,0,26,0,1,0,0,0,2,2,2,0,0,1,1,44.45,1183.8
0,0,0,1,43,1,0,0,2,2,0,0,0,2,0,1,2,63.95,2737.05
1,0,1,1,8,1,0,0,0,0,0,0,0,0,0,0,0,44.65,369.15
1,0,0,0,71,1,2,1,2,0,2,2,2,2,2,1,2,108.05,7532.15
1,0,1,1,5,1,2,0,0,0,0,2,0,0,0,1,3,55.7,259.4
0,0,1,0,62,1,0,0,2,2,2,0,2,0,2,1,1,72.0,4284.2
0,0,1,0,2,1,0,2,1,1,1,1,1,1,0,0,0,20.1,43.15
0,0,1,0,49,1,0,2,1,1,1,1,1,1,2,1,0,20.15,973.35
1,0,1,1,22,1,2,0,0,0,2,2,2,2,1,1,3,78.65,1663.75
0,0,0,0,7,1,0,2,1,1,1,1,1,1,0,0,0,20.0,137.6
0,0,1,1,61,0,1,0,2,2,0,2,0,2,1,1,0,50.7,3088.75
0,1,1,0,65,1,2,1,2,2,2,0,2,2,0,1,1,109.4,7227.45
0,0,0,0,19,1,0,2,1,1,1,1,1,1,0,0,3,19.9,367.55
1,0,0,0,9,0,1,0,2,2,2,0,0,0,1,0,3,39.55,373.0
1,0,1,1,68,1,0,1,2,2,0,2,0,2,2,0,0,95.1,6683.4
0,0,0,0,30,1,0,0,2,2,0,0,0,0,0,1,0,55.3,1530.6
0,0,0,0,60,0,1,0,2,0,2,0,0,2,1,1,2,44.45,2773.9
0,0,1,1,5,1,2,2,1,1,1,1,1,1,0,1,3,24.3,132.25
0,0,1,1,41,1,0,2,1,1,1,1,1,1,2,0,0,19.3,772.4
0,0,1,1,21,1,0,1,0,2,0,0,0,0,0,1,0,74.05,1565.7
1,0,1,0,33,1,0,0,0,0,0,0,0,0,0,1,1,44.55,1462.6
0,0,0,0,15,1,0,0,0,0,0,0,2,0,1,0,3,56.15,931.9
1,1,1,0,13,1,2,1,2,2,0,0,0,2,0,0,1,93.8,1261.0
0,0,0,0,58,1,0,1,0,0,0,2,2,2,0,1,2,95.3,5817.7
0,1,0,0,10,0,1,0,0,0,0,0,0,2,0,1,2,34.7,329.8
1,0,0,0,1,1,0,2,1,1,1,1,1,1,0,0,3,20.8,20.8
0,1,0,0,16,1,2,1,0,0,0,0,2,0,0,1,2,84.75,1350.15
0,0,1,1,58,1,2,1,2,2,0,0,0,2,0,1,0,93.4,5435.6
0,0,0,0,2,1,0,0,0,0,2,2,2,2,0,0,2,76.4,160.8
1,0,0,0,1,1,0,0,0,0,0,0,0,0,0,1,3,45.7,45.7
1,0,1,0,67,1,2,1,2,2,2,0,2,2,1,0,1,109.9,7332.4
1,0,1,1,4,1,0,0,0,0,0,0,0,0,0,0,2,44.8,169.65
0,0,0,0,36,1,0,0,2,2,2,2,2,0,1,1,3,76.35,2606.35
0,0,1,0,25,1,2,2,1,1,1,1,1,1,1,1,3,26.8,733.55
0,1,0,0,3,1,2,1,0,0,0,0,0,0,0,1,1,75.05,256.25
1,0,0,1,17,1,0,0,0,2,2,2,2,2,1,0,2,80.85,1445.95
0,0,1,1,53,1,2,1,2,2,2,2,0,2,2,1,0,104.05,5566.4
0,1,1,1,29,0,1,0,0,2,2,0,0,0,0,1,3,35.65,1025.15
0,0,0,0,29,0,1,0,2,2,0,2,0,0,1,0,1,39.5,1082.75
1,0,0,0,69,1,0,2,1,1,1,1,1,1,2,0,1,19.95,1399.35
1,1,0,0,8,0,1,0,0,0,2,0,0,0,0,1,2,29.4,221.9
1,1,0,0,5,1,0,2,1,1,1,1,1,1,0,0,0,20.05,94.15
0,0,0,0,7,1,0,1,0,0,0,0,2,0,0,1,2,79.0,522.95
0,0,0,0,7,1,0,1,0,0,2,0,2,2,0,1,2,95.35,660.9
1,1,1,0,64,1,2,2,1,1,1,1,1,1,2,0,1,25.65,1740.8
0,0,0,1,9,1,0,1,2,0,2,2,0,2,0,0,0,93.0,870.25
0,0,1,1,39,1,2,2,1,1,1,1,1,1,1,1,3,24.2,914.6
0,0,0,0,1,1,2,1,0,0,2,0,0,0,0,1,3,79.55,79.55
0,0,1,1,72,1,0,2,1,1,1,1,1,1,2,1,3,20.7,1482.3
0,0,0,0,10,1,0,0,0,0,2,2,0,0,0,0,2,54.25,583.0
0,0,1,0,25,1,0,0,2,2,0,2,0,2,0,1,3,71.05,1837.7
0,1,0,0,66,1,2,1,0,2,0,0,0,0,0,1,1,80.45,5224.35
0,1,0,0,6,0,1,0,0,0,0,0,2,2,0,1,2,44.4,263.05
0,0,0,0,9,1,0,0,0,0,0,0,0,0,0,1,0,44.2,403.35
1,1,1,0,30,1,2,1,0,0,0,2,2,2,0,1,2,101.5,2917.65
1,0,0,0,1,1,2,1,0,0,0,0,0,0,0,1,2,74.95,74.95
1,0,0,0,35,1,2,0,2,0,0,0,0,0,2,0,3,55.25,1924.1
0,0,0,0,16,1,0,1,0,2,0,0,0,2,0,1,2,86.25,1340.1
0,0,1,1,29,1,0,2,1,1,1,1,1,1,2,0,3,20.2,558.8
0,0,1,0,51,1,2,2,1,1,1,1,1,1,2,0,3,25.5,1281.25
0,1,1,0,71,1,0,1,2,2,2,2,2,2,2,1,0,109.7,7904.25
1,0,0,0,23,1,0,1,0,2,0,0,2,2,0,0,3,95.3,2192.9
0,0,0,0,35,1,2,1,2,2,2,2,2,2,2,1,3,113.2,3914.05
0,0,1,1,23,1,0,1,0,2,2,2,0,0,0,0,2,83.8,1900.25
0,0,0,0,32,0,1,0,2,0,0,0,0,0,1,0,3,30.15,927.65
0,1,1,0,60,0,1,0,0,2,0,0,2,2,2,1,1,49.45,2907.55
0,1,0,0,22,1,0,2,1,1,1,1,1,1,1,1,3,20.05,417.0
0,1,0,0,34,1,2,1,0,2,0,2,2,0,0,1,2,96.35,3190.25
0,0,1,0,22,1,0,1,0,0,0,0,2,0,0,1,1,80.0,1706.45
0,0,0,0,54,1,0,1,0,0,2,0,2,2,1,1,1,94.1,5060.9
1,0,0,0,46,1,2,1,0,2,2,2,2,2,2,0,2,108.65,4903.2
0,0,1,1,72,1,0,2,1,1,1,1,1,1,2,1,1,20.1,1326.25
0,0,1,1,12,0,1,0,0,0,0,2,0,0,1,0,1,30.25,368.85
0,0,0,0,36,0,1,0,2,0,0,0,0,0,2,0,0,31.05,1126.35
0,0,1,1,69,1,0,2,1,1,1,1,1,1,1,1,1,20.35,1442.65
1,0,1,0,5,1,2,1,0,2,0,0,0,0,0,1,2,78.75,412.1
0,0,1,1,1,0,1,0,2,0,0,0,0,0,0,0,0,30.5,30.5
1,0,1,0,61,1,0,1,0,2,2,2,0,2,0,0,1,94.15,5731.85
1,0,0,0,26,1,2,0,2,2,0,0,0,0,1,0,2,61.55,1581.95
1,0,1,1,50,1,0,0,0,0,0,0,0,0,1,1,0,44.8,2230.85
1,0,0,1,23,0,1,0,2,2,0,2,0,0,1,0,0,40.65,947.4
0,0,1,0,72,1,2,0,2,2,2,2,2,2,2,1,2,92.4,6786.1
1,0,1,1,24,1,0,2,1,1,1,1,1,1,1,1,1,20.8,469.65
1,0,0,0,1,1,0,1,0,0,0,0,0,0,0,1,2,69.35,69.35
1,0,1,0,60,1,2,1,2,0,2,2,2,2,0,1,0,109.45,6572.85
0,0,1,1,58,1,0,1,2,2,0,0,2,2,1,0,1,99.25,5846.65
0,0,0,1,19,1,0,2,1,1,1,1,1,1,2,0,3,20.5,398.55
0,0,0,0,61,1,2,1,0,2,2,0,2,2,1,1,2,103.95,6423.0
0,0,1,1,25,1,0,2,1,1,1,1,1,1,2,0,3,20.1,486.05
0,0,0,0,13,1,0,1,0,0,0,0,0,2,0,1,2,80.5,1011.8
1,0,1,0,15,1,0,2,1,1,1,1,1,1,0,1,1,19.45,340.85
0,0,0,0,51,1,2,2,1,1,1,1,1,1,2,0,0,24.95,1288.0
0,0,1,1,72,1,2,1,2,2,2,2,2,2,2,1,0,116.85,8477.7
0,1,0,0,9,1,0,1,0,0,2,0,0,0,0,0,1,75.5,637.4
0,0,1,1,1,1,0,2,1,1,1,1,1,1,0,1,2,19.9,19.9
0,0,0,0,3,1,0,2,1,1,1,1,1,1,0,1,3,20.0,61.7
1,0,1,1,44,1,0,1,0,0,2,0,2,2,0,1,0,92.95,4122.9
0,0,1,1,35,1,0,0,2,0,0,2,0,0,1,1,0,54.95,1916.0
1,0,1,1,19,1,0,2,1,1,1,1,1,1,2,0,3,20.2,387.4
0,0,1,1,20,1,2,1,0,2,2,0,2,2,0,1,0,105.85,2239.65
0,0,0,0,18,1,2,1,0,0,0,0,2,0,0,1,2,85.2,1553.9
0,0,1,1,71,1,0,2,1,1,1,1,1,1,2,0,1,19.7,1415.85
1,0,0,0,9,1,0,1,0,0,0,2,2,2,0,1,0,95.9,827.45
1,0,0,0,1,1,0,1,0,0,0,0,0,0,0,1,2,70.05,70.05
0,0,1,0,11,1,2,1,0,2,0,0,2,2,0,1,2,102.0,1145.35
0,0,0,0,2,1,0,1,0,0,0,0,0,2,0,0,2,80.75,159.45
1,0,0,0,11,1,0,2,1,1,1,1,1,1,1,0,3,19.5,226.8
1,0,0,0,17,1,0,0,2,2,0,0,0,0,0,1,1,55.5,934.15
0,1,0,0,72,1,2,1,0,2,2,2,2,2,2,1,0,108.1,7774.05
1,0,1,1,4,1,0,2,1,1,1,1,1,1,2,0,1,19.55,68.8
0,0,1,1,72,1,2,0,2,2,2,2,2,0,2,0,0,80.2,5714.2
0,0,0,0,41,1,2,1,2,2,2,2,2,0,0,1,2,106.5,4282.4
0,0,0,1,13,1,0,0,2,2,0,0,0,0,0,1,2,56.0,764.55
0,0,1,1,2,1,0,0,0,0,0,0,2,2,0,0,3,65.7,134.35
0,0,1,1,1,1,0,2,1,1,1,1,1,1,0,1,1,20.15,20.15
0,1,1,0,67,1,0,2,1,1,1,1,1,1,2,1,0,20.05,1263.05
1,0,0,0,1,1,0,2,1,1,1,1,1,1,0,0,3,19.2,19.2
1,0,1,1,15,1,2,1,0,0,0,0,0,0,0,1,0,74.9,1107.25
1,0,1,0,67,1,0,1,2,2,0,0,0,2,1,1,1,90.6,6056.15
0,0,0,0,17,1,0,1,0,2,0,0,2,0,0,1,2,83.55,1329.15
0,0,0,0,70,1,2,1,2,2,2,0,2,2,2,1,3,111.15,7737.55
1,0,1,1,36,0,1,0,2,0,2,2,2,2,1,0,1,60.7,2234.55
0,0,0,0,18,1,2,1,0,2,0,0,2,0,0,1,1,90.0,1527.35
0,0,0,0,25,1,0,2,1,1,1,1,1,1,0,0,3,19.05,461.3
1,0,1,0,16,1,2,1,0,0,0,0,0,0,0,1,2,75.4,1189.4
1,0,1,1,71,1,0,0,0,2,0,2,2,2,2,1,1,73.35,5154.5
0,1,1,0,11,1,2,1,0,0,2,2,2,2,0,1,0,104.05,1133.65
1,0,0,0,2,1,0,0,2,0,2,0,0,0,0,1,3,55.1,113.35
0,0,0,0,49,1,0,0,2,2,2,2,0,0,2,0,0,67.4,3306.85
1,0,0,0,48,1,0,0,0,2,2,2,2,2,2,0,1,78.9,3771.5
1,0,0,0,69,1,2,1,0,2,0,2,2,2,1,1,0,105.2,7386.05
1,0,0,0,53,1,2,1,0,0,0,0,2,0,0,0,0,85.45,4517.25
1,0,0,0,1,1,0,0,0,0,0,0,0,0,0,1,2,42.9,42.9
1,0,1,1,24,1,0,0,2,2,0,2,0,2,0,1,1,70.3,1706.45
1,0,1,0,47,1,2,1,2,0,2,2,2,2,1,1,1,110.85,5275.8
0,0,0,0,3,1,0,2,1,1,1,1,1,1,1,0,3,20.25,71.2
1,0,0,0,67,1,0,2,1,1,1,1,1,1,2,0,0,19.95,1311.75
1,0,1,1,29,1,2,0,2,0,0,2,2,0,1,0,0,69.05,1958.45
0,0,0,0,41,1,0,1,0,2,0,2,2,2,2,1,0,98.8,3959.15
0,0,0,0,3,1,2,2,1,1,1,1,1,1,0,0,3,24.6,86.35
0,0,1,1,42,1,0,2,1,1,1,1,1,1,1,1,2,19.05,761.85
1,0,0,0,26,1,2,1,2,2,0,0,0,0,0,1,1,86.65,2208.75
1,0,1,0,53,1,2,1,0,2,0,2,0,2,1,0,0,97.75,5043.2
1,0,1,0,70,1,2,1,0,2,2,2,0,2,2,1,0,98.7,6858.9
1,1,0,0,2,1,0,1,0,2,2,2,0,2,0,1,1,95.1,180.25
1,0,1,1,28,1,0,2,1,1,1,1,1,1,2,1,1,20.3,487.95
0,1,1,0,7,1,2,1,0,0,0,0,0,2,0,1,2,84.55,646.85
0,0,1,0,72,1,2,1,2,2,2,2,2,2,2,0,1,112.1,7965.95
1,1,1,0,61,1,2,1,0,2,0,2,0,0,1,1,0,85.55,5251.75
1,0,0,0,2,1,0,0,2,0,2,0,0,0,0,0,2,53.45,119.5
1,1,1,0,66,1,2,1,0,0,0,2,2,2,0,1,1,100.05,6871.9
0,1,1,0,25,1,0,1,0,2,2,0,0,2,0,0,0,88.4,2191.15
0,0,0,0,4,1,0,1,0,0,0,0,0,0,0,0,2,70.4,281.0
1,0,0,1,13,1,0,0,0,0,0,0,2,2,0,0,1,66.4,831.75
0,0,0,0,48,1,2,1,0,2,2,0,2,2,0,1,0,107.4,5121.3
1,0,0,0,2,1,0,1,0,2,0,0,2,2,0,0,2,95.65,167.3
0,0,0,0,9,1,2,1,0,0,0,0,0,0,0,1,2,76.85,663.55
0,0,0,0,15,1,0,0,0,2,0,0,0,0,0,0,2,48.85,736.8
0,0,1,0,64,1,0,1,2,0,0,2,2,2,1,1,3,96.9,6314.35
0,0,1,0,72,1,2,1,2,2,2,2,2,2,2,1,1,115.55,8312.4
1,1,0,0,19,1,2,1,2,0,0,0,2,0,0,1,2,90.6,1660.0
0,1,0,0,3,0,1,0,0,0,0,0,0,0,0,0,2,25.3,77.75
0,0,1,1,40,1,0,0,2,2,0,2,0,2,0,1,3,71.35,2847.2
0,0,0,0,62,1,2,0,0,2,2,2,2,2,2,0,0,84.5,5193.2
1,0,0,0,1,1,0,2,1,1,1,1,1,1,0,0,3,20.05,20.05
0,0,0,0,72,1,0,0,2,2,2,2,0,2,2,1,1,73.0,5265.2
1,0,0,0,40,1,0,0,2,2,0,2,0,0,0,1,3,61.9,2647.1
0,0,1,1,47,1,0,2,1,1,1,1,1,1,2,1,0,21.3,1041.8
0,0,0,0,60,1,0,0,0,2,2,2,2,0,1,1,1,70.15,4224.7
1,0,1,0,17,1,0,0,2,2,0,0,0,2,1,0,3,64.8,1175.6
0,1,1,0,5,1,0,1,0,0,0,0,0,0,0,1,2,69.35,341.6
1,0,0,0,43,1,2,1,0,0,0,0,2,2,1,0,3,94.35,3921.3
1,0,1,0,70,1,0,1,2,2,2,2,0,2,2,0,1,101.0,7085.5
1,1,1,0,29,1,2,1,0,0,0,0,0,2,0,1,2,84.3,2357.75
0,0,0,0,30,1,2,1,0,2,2,2,2,2,1,0,1,110.45,3327.05
1,0,1,0,67,0,1,0,2,2,0,2,0,2,2,1,0,50.95,3521.7
1,0,0,0,4,0,1,0,0,0,0,2,0,0,0,0,2,30.5,118.4
0,0,0,0,42,1,0,2,1,1,1,1,1,1,2,1,0,20.75,844.45
1,0,1,1,69,1,0,0,2,2,2,2,2,0,2,1,0,75.75,5388.15
0,0,1,1,20,1,2,1,0,0,2,2,0,2,0,1,0,95.5,1916.2
0,0,0,0,1,1,0,1,0,2,0,0,0,0,0,0,2,74.35,74.35
0,0,0,0,15,1,0,1,0,2,2,0,2,2,0,1,2,101.25,1457.25
0,0,1,1,17,1,0,1,2,0,0,2,2,0,0,0,2,91.85,1574.45
0,0,1,1,9,1,2,1,0,0,0,0,2,0,0,1,0,85.35,754.65
0,0,1,0,64,1,0,2,1,1,1,1,1,1,2,0,1,19.45,1225.65
0,0,1,1,54,1,2,1,2,2,0,0,2,2,0,1,0,104.1,5645.8
0,0,0,0,72,1,2,2,1,1,1,1,1,1,2,0,1,25.45,1866.45
0,0,1,0,72,1,2,1,0,2,0,0,2,2,2,1,1,97.7,6869.7
1,0,1,1,69,1,0,2,1,1,1,1,1,1,1,1,1,20.55,1403.1
0,0,0,0,5,1,0,0,2,0,0,2,0,0,0,0,1,53.85,259.8
0,0,0,0,2,1,2,1,0,0,0,0,2,2,0,1,2,96.0,174.8
0,0,1,0,64,1,2,0,2,0,2,2,2,2,2,1,1,85.0,5484.4
0,0,0,0,6,1,0,2,1,1,1,1,1,1,2,0,1,19.65,116.85
1,0,0,0,19,1,2,0,0,0,2,2,0,0,0,0,2,59.55,1144.6
1,0,1,1,71,1,2,0,2,2,2,2,2,2,2,0,0,86.85,6263.8
1,0,0,0,34,1,0,0,0,2,0,0,0,0,0,1,2,49.8,1734.2
0,0,0,1,4,1,0,2,1,1,1,1,1,1,0,1,0,20.05,85.5
1,0,1,0,72,1,2,0,2,2,2,2,2,2,2,1,1,92.0,6782.15
1,0,1,0,61,1,0,0,2,2,0,2,2,2,2,1,3,81.05,4747.65
0,1,1,0,26,1,0,1,0,2,0,0,0,2,0,0,2,84.95,2169.75
0,0,0,0,4,1,0,2,1,1,1,1,1,1,0,0,1,20.45,82.85
0,0,0,0,68,1,2,0,0,2,2,0,2,2,2,1,2,80.65,5330.2
0,0,0,0,15,1,0,2,1,1,1,1,1,1,0,0,0,19.75,297.3
1,1,0,0,1,1,0,1,0,0,0,0,0,0,0,1,2,69.65,69.65
1,0,0,0,22,1,2,0,2,0,0,0,0,0,0,1,2,54.45,1127.35
0,0,1,0,25,0,1,0,0,0,0,0,2,0,0,1,0,34.0,853.0
1,0,0,0,57,1,0,2,1,1,1,1,1,1,2,0,1,20.55,1252.85
0,0,1,1,27,1,0,1,2,0,0,0,0,0,0,0,3,74.4,1972.35
0,0,0,0,46,1,0,1,2,2,2,0,2,0,1,1,1,95.65,4664.2
1,1,1,0,47,1,2,1,0,0,2,0,2,2,0,1,2,100.05,4871.05
1,0,1,0,72,1,2,0,2,2,2,2,2,2,2,1,0,89.05,6254.45
1,1,1,1,51,1,2,1,0,2,2,0,0,0,0,1,2,84.2,4146.05
1,1,1,0,44,1,2,1,0,0,2,0,2,0,0,1,2,89.2,4040.2
0,0,0,0,49,1,2,1,0,0,0,0,0,2,0,1,2,84.5,3906.7
1,0,0,0,27,1,0,2,1,1,1,1,1,1,0,1,2,19.4,529.8
1,0,1,0,2,1,0,0,0,2,0,2,0,2,0,1,3,64.2,143.65
0,1,1,0,35,1,2,1,0,0,2,0,2,2,0,0,0,102.05,3452.55
1,0,1,1,68,1,0,0,0,0,2,2,2,2,2,1,0,72.95,4953.25
0,0,0,0,61,1,2,1,0,0,2,2,2,2,2,1,2,106.6,6428.4
0,0,1,0,52,1,2,1,0,2,2,0,2,2,0,1,2,105.05,5624.85
1,1,0,0,2,1,2,1,0,0,0,0,2,2,0,1,2,93.85,196.75
1,0,1,0,69,1,2,1,2,2,2,2,0,2,1,1,1,107.2,7317.1
0,0,0,0,35,1,0,2,1,1,1,1,1,1,0,0,0,19.25,617.65
1,0,0,0,40,1,2,1,0,0,2,2,2,2,0,0,0,104.8,4131.95
0,0,0,0,2,1,0,1,0,0,2,0,0,2,0,1,3,86.2,178.7
0,0,0,0,11,1,0,0,2,0,0,2,0,0,1,1,3,54.6,617.85
0,1,1,0,4,1,2,1,0,0,0,0,2,0,0,1,2,83.25,308.05
0,0,1,1,62,1,0,0,2,0,2,2,2,0,1,1,0,70.75,4263.45
1,0,0,0,8,1,2,0,0,0,0,0,2,0,0,1,2,59.25,436.6
0,0,1,1,72,1,2,1,2,2,2,2,2,2,2,1,1,116.8,8456.75
0,0,0,0,5,1,0,1,0,0,0,0,2,0,0,0,2,80.2,384.25
0,0,1,0,72,1,2,1,2,2,2,2,2,2,2,0,2,115.15,8349.7
0,0,0,0,1,1,0,1,0,2,0,0,0,0,0,1,1,74.3,74.3
0,0,1,1,51,1,2,1,2,2,0,0,0,2,0,1,2,93.8,4539.35
0,0,0,0,5,1,2,0,0,2,0,0,0,2,0,1,2,64.0,370.25
0,0,1,1,59,1,2,1,0,2,0,2,0,2,0,1,0,96.65,5580.8
0,0,0,0,12,1,0,2,1,1,1,1,1,1,0,0,3,20.3,246.7
0,0,0,1,49,1,0,2,1,1,1,1,1,1,1,0,1,19.45,921.3
0,0,1,1,38,1,0,2,1,1,1,1,1,1,2,1,3,19.95,756.4
0,0,0,0,2,1,0,2,1,1,1,1,1,1,0,0,3,19.3,44.4
1,0,1,0,12,1,0,1,2,2,2,0,0,0,0,1,2,84.6,959.9
0,0,0,0,1,1,0,0,0,0,0,0,0,0,0,1,0,44.9,44.9
0,1,0,0,42,1,2,1,0,0,0,0,2,0,0,1,2,84.65,3541.35
1,0,0,0,35,1,0,2,1,1,1,1,1,1,2,1,3,20.2,684.4
0,0,1,1,63,1,2,1,2,2,2,0,2,0,0,1,2,100.55,6215.35
1,0,0,1,63,0,1,0,2,2,0,2,0,0,1,1,0,40.6,2588.95
0,0,0,0,39,1,2,1,0,2,2,0,2,2,0,1,2,103.45,3994.45
1,0,0,1,39,1,2,1,0,0,0,2,2,2,2,0,3,100.55,3895.35
1,1,1,0,70,1,2,0,2,2,2,2,2,2,2,0,1,90.05,6333.4
0,1,0,0,46,1,2,1,2,2,2,0,2,2,1,1,2,110.0,4874.8
1,0,1,1,45,1,2,0,2,2,0,2,2,0,2,0,1,73.85,3371.0
1,0,0,1,12,1,0,2,1,1,1,1,1,1,2,0,0,19.35,212.3
1,0,1,1,60,1,2,2,1,1,1,1,1,1,1,0,1,23.95,1506.4
0,0,1,1,43,1,0,0,0,0,0,0,2,0,0,0,2,56.15,2499.3
1,0,1,0,64,1,2,1,2,0,2,2,2,2,1,1,3,108.5,6880.85
1,0,0,0,12,1,0,2,1,1,1,1,1,1,0,0,3,20.45,255.35
0,0,0,0,50,1,2,0,0,2,0,2,2,2,2,1,3,79.6,4024.2
0,1,0,0,1,0,1,0,0,0,0,0,2,0,0,1,2,36.45,36.45
1,0,0,0,71,1,2,1,0,0,2,2,0,0,2,1,1,86.4,6172.0
0,0,1,1,72,1,0,0,2,2,2,2,2,2,2,1,0,83.7,6096.9
0,0,1,1,72,1,2,2,1,1,1,1,1,1,2,0,0,23.75,1679.25
0,0,0,0,61,1,2,0,0,2,2,2,2,2,2,0,1,88.65,5321.25
1,0,0,0,36,1,0,0,0,2,0,2,0,2,1,1,3,65.4,2498.4
1,0,1,1,38,1,0,0,2,2,2,2,2,0,1,0,2,74.05,2802.3
0,0,1,1,56,1,2,2,1,1,1,1,1,1,2,1,3,24.45,1385.85
0,0,0,0,65,0,1,0,2,0,2,2,2,2,2,0,1,59.95,3921.1
1,0,0,0,31,1,0,0,2,2,2,2,2,0,0,1,0,72.45,2156.25
0,0,0,0,67,1,2,2,1,1,1,1,1,1,2,1,3,26.1,1759.55
1,0,0,0,3,1,0,0,0,2,0,0,0,0,0,1,3,49.9,130.1
0,0,1,0,15,1,2,2,1,1,1,1,1,1,2,0,3,25.2,387.9
0,0,0,0,20,1,0,0,0,0,0,0,0,0,0,1,2,44.35,927.15
0,0,0,0,16,1,0,2,1,1,1,1,1,1,1,0,0,20.1,318.6
0,0,1,1,14,1,0,2,1,1,1,1,1,1,1,0,3,19.55,294.5
0,1,0,0,54,1,2,0,2,2,0,2,2,2,1,0,0,82.45,4350.1
1,0,0,0,60,1,2,1,0,2,0,0,2,0,0,1,0,89.9,5450.7
0,0,1,0,12,0,1,0,0,0,2,0,2,2,0,1,0,49.85,617.15
0,0,1,1,71,1,0,2,1,1,1,1,1,1,2,0,0,20.5,1500.95
0,0,1,0,57,0,1,0,2,2,2,0,2,2,0,1,0,58.75,3437.45
0,0,0,0,1,1,0,1,0,0,0,0,0,0,0,1,3,70.15,70.15
0,1,1,0,5,1,2,1,0,2,0,0,0,0,0,1,2,81.0,371.65
0,0,1,0,33,1,0,2,1,1,1,1,1,1,0,0,3,20.05,669.45
1,0,0,0,67,1,0,0,0,0,0,2,0,0,2,0,0,50.55,3260.1
1,0,0,1,49,1,2,1,0,0,0,2,2,2,1,1,0,100.6,5069.65
0,0,1,1,34,1,2,1,0,0,2,0,2,0,0,0,2,87.45,2874.15
1,0,0,0,20,1,2,1,0,0,2,0,2,0,0,1,1,90.7,1781.35
0,0,1,1,14,1,0,0,2,2,0,2,0,0,0,0,0,59.45,780.85
1,0,0,0,1,1,0,2,1,1,1,1,1,1,0,0,3,20.2,20.2
1,0,0,0,5,1,2,1,0,0,0,0,2,2,0,1,0,94.85,462.8
0,0,1,1,18,1,0,2,1,1,1,1,1,1,0,1,3,20.25,401.95
0,0,0,0,13,0,1,0,0,2,0,0,0,0,0,0,2,29.15,357.15
0,0,1,0,57,1,2,1,0,2,2,0,2,2,0,1,1,104.5,5921.35
0,0,1,0,12,1,0,0,0,2,0,0,0,0,0,1,2,51.25,612.1
0,0,0,0,50,1,2,1,2,2,0,2,2,2,2,1,2,109.65,5551.15
0,0,0,0,30,1,2,1,2,0,0,2,2,2,0,0,0,106.4,3211.9
1,0,0,0,69,1,0,1,0,2,2,2,2,2,1,1,0,104.05,7262.0
1,0,0,0,17,1,2,1,0,0,2,2,0,2,0,1,0,95.65,1640.0
0,0,1,1,39,1,0,0,0,0,2,0,2,0,0,1,3,59.85,2341.5
1,0,0,0,12,1,0,0,0,0,0,2,2,0,1,1,2,59.8,727.8
1,0,0,0,1,1,0,0,0,0,0,2,0,0,0,0,3,51.25,51.25
1,0,1,1,51,1,0,0,2,0,0,2,2,2,1,1,0,76.4,3966.3
0,0,1,1,69,1,2,0,2,2,0,2,2,0,1,0,1,73.7,4885.85
1,0,1,1,28,1,2,1,0,0,0,0,2,2,1,0,0,92.2,2568.15
0,0,0,0,25,1,2,1,0,2,0,0,2,2,0,1,2,100.25,2387.75
1,0,1,0,49,1,2,0,2,0,2,2,2,2,1,0,2,84.35,4059.35
0,1,0,0,1,1,0,1,0,0,0,0,0,0,0,1,2,69.85,69.85
0,0,0,1,9,1,0,0,0,0,0,2,2,2,0,1,1,69.4,571.45
0,0,0,0,12,1,2,1,0,2,0,0,0,2,0,1,2,89.15,1057.55
1,0,1,0,66,1,2,0,2,2,0,2,2,2,2,0,2,85.25,5538.35
0,0,0,0,8,1,0,0,2,0,0,0,0,0,0,1,2,49.85,365.55
0,0,0,0,12,1,2,1,0,0,0,2,0,0,0,1,1,79.55,958.25
1,0,0,0,72,1,2,0,2,2,2,2,2,2,2,0,0,86.65,6224.8
1,0,1,1,71,1,2,0,2,2,2,2,2,2,2,0,1,90.3,6287.3
1,0,1,0,71,1,2,1,2,2,2,0,2,2,1,1,2,109.6,7854.15
1,0,0,0,10,1,0,1,0,0,0,2,2,2,0,1,1,95.1,865.1
0,0,0,0,10,1,0,1,0,0,0,0,0,2,0,1,0,80.25,846.0
0,0,0,0,15,1,2,2,1,1,1,1,1,1,2,0,0,25.05,369.1
1,0,0,0,1,1,2,1,0,0,0,0,0,0,0,1,2,75.3,75.3
0,0,0,0,9,0,1,0,0,2,0,0,0,2,0,0,2,40.75,359.4
1,0,0,0,1,1,0,2,1,1,1,1,1,1,0,0,3,20.6,20.6
1,0,1,1,72,1,0,2,1,1,1,1,1,1,2,0,0,21.0,1493.75
0,0,1,1,54,1,0,0,2,0,2,2,0,2,2,0,0,69.95,3871.85
0,0,0,0,62,1,2,1,2,2,2,2,2,2,1,1,1,115.05,7133.45
1,1,1,0,72,1,2,1,0,2,0,0,2,2,2,0,0,98.35,6929.4
1,0,0,0,22,1,0,1,0,2,2,2,0,2,0,1,0,94.95,2142.8
0,1,1,0,15,1,0,1,0,2,0,0,2,2,0,1,2,94.65,1285.05
0,0,1,0,51,0,1,0,0,2,0,0,2,2,0,1,2,49.65,2553.35
0,0,1,1,15,1,2,1,0,2,2,0,2,2,0,1,0,105.35,1559.25
1,1,0,1,38,1,2,1,2,0,0,0,0,0,0,1,3,80.45,3162.65
0,1,0,0,2,1,0,1,0,0,0,0,0,0,0,1,0,70.2,115.95
1,0,1,1,45,1,2,0,0,2,2,0,2,2,1,0,1,78.75,3600.65
1,1,0,0,10,1,2,1,0,0,0,0,2,2,0,1,2,95.35,898.35
0,1,1,0,12,1,0,0,2,0,2,2,2,2,1,1,2,79.2,943.85
1,0,1,0,63,1,2,1,0,2,2,0,2,2,0,1,2,103.4,6603.0
0,0,0,0,67,1,2,1,2,2,2,0,2,0,0,1,1,102.95,6886.25
0,1,0,0,4,1,2,1,2,0,0,0,0,0,0,1,2,80.25,303.7
1,1,0,0,15,1,2,1,0,0,0,0,0,0,0,1,1,74.2,1133.9
1,0,1,1,19,1,2,1,0,0,0,0,0,2,0,1,2,83.65,1465.75
1,1,1,0,14,1,0,2,1,1,1,1,1,1,1,0,3,19.65,228.65
1,0,1,0,17,1,2,1,0,2,0,0,0,0,0,1,0,80.5,1336.9
0,0,0,0,10,1,2,1,0,2,2,0,0,2,0,1,2,94.85,953.45
1,0,1,0,70,1,0,1,2,2,2,2,2,2,1,1,0,109.5,7534.65
0,0,1,0,34,1,2,0,2,0,0,2,0,0,0,1,0,60.85,2003.6
0,0,0,0,23,1,0,0,0,0,2,0,0,0,0,0,1,49.7,1081.25
0,0,0,0,19,1,2,2,1,1,1,1,1,1,0,0,0,24.7,465.85
0,0,1,0,16,1,2,1,2,2,2,0,0,0,0,0,2,90.7,1374.9
0,0,1,1,23,1,2,0,2,0,2,2,2,0,2,1,0,77.15,1759.4
0,1,0,0,54,1,2,1,0,2,0,0,0,0,0,1,2,79.5,4370.25
1,0,1,1,12,1,0,0,2,0,0,0,0,0,0,1,2,49.2,571.15
0,0,1,0,24,1,0,1,0,2,2,0,2,2,0,1,1,99.3,2431.35
0,0,0,0,12,1,2,1,0,0,0,0,2,2,0,1,2,94.2,1046.1
1,0,1,1,63,1,2,2,1,1,1,1,1,1,2,0,3,25.25,1573.05
1,0,0,1,71,1,2,1,2,0,2,0,2,2,2,0,0,106.7,7382.25
1,0,1,0,5,1,0,2,1,1,1,1,1,1,0,0,3,19.35,126.05
0,0,1,0,27,1,0,1,0,2,0,0,0,0,0,1,2,76.1,2093.4
1,0,1,0,33,1,2,0,2,2,2,0,2,0,0,1,0,72.75,2447.45
1,0,1,1,51,1,0,0,2,2,0,2,0,0,2,0,1,60.5,3121.45
1,0,1,0,56,1,0,2,1,1,1,1,1,1,1,0,1,19.95,1126.75
0,0,0,0,3,1,2,1,0,0,0,0,0,0,0,1,2,74.25,210.3
1,1,0,0,57,1,0,0,0,0,2,2,0,0,1,1,2,53.5,3035.8
0,0,1,0,68,1,2,1,2,2,2,0,2,2,2,1,0,110.8,7553.6
0,0,0,0,24,1,0,2,1,1,1,1,1,1,2,1,0,19.55,470.2
0,0,0,0,8,1,0,2,1,1,1,1,1,1,1,1,0,20.2,140.95
1,0,0,0,1,1,0,1,0,0,0,0,0,0,0,0,2,69.95,69.95
0,0,0,0,9,1,2,1,0,0,0,0,2,2,0,1,2,94.75,889.9
1,0,1,1,72,1,0,2,1,1,1,1,1,1,2,0,0,19.95,1322.85
0,0,0,0,1,1,0,0,0,0,0,0,2,0,0,1,1,55.0,55.0
1,0,1,1,55,1,0,2,1,1,1,1,1,1,2,0,0,19.35,1153.25
0,0,1,0,58,1,2,0,2,0,0,2,0,0,1,1,0,61.05,3478.75
0,1,0,0,20,1,0,1,0,0,0,0,2,0,0,0,0,80.7,1614.2
0,0,0,0,57,1,0,0,2,2,2,2,2,0,2,1,1,74.3,4166.35
1,0,1,0,22,1,0,0,2,0,0,2,0,0,1,1,1,56.25,1292.2
0,0,1,0,71,1,2,2,1,1,1,1,1,1,2,0,1,25.6,1888.25
0,0,1,1,67,1,2,0,2,0,0,0,2,2,2,1,2,75.5,5229.45
1,0,1,0,3,0,1,0,0,0,0,0,0,2,0,1,2,35.15,99.75
0,1,0,0,49,1,0,0,0,0,0,0,0,0,0,0,3,43.8,2106.05
0,0,0,0,62,1,2,2,1,1,1,1,1,1,2,1,1,25.8,1563.95
1,0,1,0,18,1,0,1,0,0,2,2,0,0,0,0,2,78.2,1468.75
1,1,1,0,24,0,1,0,0,0,2,2,0,0,0,0,3,34.25,828.2
0,0,1,0,71,1,2,1,0,0,0,0,2,2,2,1,0,93.7,6585.35
0,0,0,0,17,1,0,1,0,0,0,0,0,0,0,0,0,70.5,1165.6
0,0,1,1,46,1,0,2,1,1,1,1,1,1,2,1,3,19.95,927.1
1,0,0,0,4,1,2,2,1,1,1,1,1,1,0,0,3,25.25,101.9
0,0,1,0,8,1,2,1,0,0,0,0,0,2,0,1,2,84.9,764.95
0,0,1,1,49,1,2,1,0,0,0,0,2,2,0,1,2,95.6,4783.5
1,0,1,0,48,1,2,0,0,2,2,0,0,2,1,1,1,70.55,3420.5
1,1,1,0,44,1,0,2,1,1,1,1,1,1,2,1,1,19.35,847.25
0,0,0,0,4,1,0,0,0,0,0,0,2,0,0,0,1,55.5,227.35
0,0,1,0,56,1,2,2,1,1,1,1,1,1,1,0,2,24.3,1261.7
0,0,0,0,15,1,2,0,0,0,0,0,0,0,0,0,3,48.85,631.4
1,0,1,0,66,1,2,1,2,2,2,2,2,2,1,0,0,115.8,7942.15
0,0,1,1,41,1,0,0,2,2,0,2,2,2,2,0,2,78.45,3126.45
1,1,1,0,32,1,2,1,0,0,0,0,0,0,0,1,2,74.9,2303.35
0,0,0,1,1,1,0,0,2,0,0,0,0,0,0,0,3,49.9,49.9
1,0,0,0,7,1,0,0,2,0,0,0,0,0,0,1,3,51.0,354.05
1,0,0,0,49,1,2,1,0,2,0,2,2,2,1,1,0,106.65,5168.1
0,0,0,0,12,0,1,0,2,0,2,2,0,2,2,0,3,49.85,552.1
1,0,0,0,1,1,0,2,1,1,1,1,1,1,0,0,3,20.1,20.1
1,0,1,1,66,1,0,2,1,1,1,1,1,1,2,1,3,19.75,1344.5
0,0,0,0,57,0,1,0,2,0,2,2,0,0,1,1,1,41.1,2258.25
0,0,0,0,18,1,0,1,0,0,0,0,0,0,0,1,2,71.1,1247.75
1,0,1,1,72,1,0,0,2,2,0,2,2,0,2,0,0,68.4,4855.35
0,0,1,1,23,1,0,1,2,2,0,2,0,0,0,0,3,84.4,1936.85
1,0,0,0,10,0,1,0,0,0,2,0,0,0,0,0,3,29.5,255.25
0,0,1,1,11,1,2,0,0,0,0,2,0,2,0,1,2,66.35,740.8
1,0,0,0,3,1,0,2,1,1,1,1,1,1,0,1,2,20.5,76.95
1,0,0,0,16,1,2,0,0,2,0,0,0,0,0,0,2,55.3,875.35
0,0,1,0,25,1,0,2,1,1,1,1,1,1,1,1,0,20.2,507.9
1,0,0,0,10,1,0,0,0,0,0,0,0,2,0,1,0,56.75,503.25
1,0,1,0,40,0,1,0,2,2,2,0,0,0,1,1,2,42.35,1716.45
0,0,1,1,45,0,1,0,2,0,0,0,2,2,0,1,0,50.9,2333.85
0,0,1,1,42,1,0,2,1,1,1,1,1,1,2,0,3,20.0,833.55
0,0,1,1,22,0,1,0,0,2,0,0,2,0,0,0,2,39.2,849.9
1,1,0,0,1,1,0,0,0,0,0,0,0,0,0,0,2,46.3,46.3
1,0,0,0,62,1,0,0,0,2,2,2,2,2,0,1,0,80.4,4981.15
1,0,0,0,17,1,2,1,2,2,2,2,2,0,0,1,0,106.65,1672.1
0,0,0,0,12,1,0,2,1,1,1,1,1,1,1,0,3,19.3,228.75
0,1,1,0,72,1,2,0,2,2,2,2,2,2,2,1,0,89.85,6697.35
0,1,0,0,56,1,2,1,2,2,0,0,0,2,0,1,2,96.85,5219.65
0,0,1,1,56,1,2,0,2,0,2,0,0,2,1,1,0,68.75,3808.0
0,0,0,0,65,1,2,2,1,1,1,1,1,1,2,0,0,26.5,1698.55
0,0,0,0,43,0,1,0,0,0,2,0,2,2,0,1,0,49.05,2076.2
0,1,0,0,18,1,0,2,1,1,1,1,1,1,1,0,0,20.35,369.6
0,0,0,0,8,1,0,0,2,0,0,2,0,2,0,0,0,66.05,574.5
1,0,1,1,57,1,0,1,0,2,2,0,2,2,1,1,1,97.55,5598.0
0,1,1,0,26,1,0,1,0,0,2,0,2,0,0,1,1,85.7,2067.0
0,0,1,1,43,1,2,1,0,0,2,0,2,2,0,1,0,99.3,4209.95
1,0,0,0,33,1,0,1,2,0,0,2,2,0,2,1,2,88.95,3027.65
0,0,1,1,70,1,2,1,2,2,2,0,2,2,1,1,1,108.15,7930.55
1,0,0,1,4,1,0,0,2,0,0,0,0,0,0,1,2,49.4,184.4
0,0,1,1,23,1,2,1,0,0,0,0,2,0,0,1,2,83.75,1849.95
0,0,1,0,50,1,2,1,2,2,0,2,2,2,1,0,2,108.55,5610.7
1,0,1,1,21,0,1,0,0,0,0,0,0,0,0,1,2,26.05,565.75
0,0,1,1,41,1,2,0,2,2,2,0,2,0,1,1,1,78.35,3211.2
1,1,0,0,38,1,2,1,0,0,0,0,2,2,0,0,2,94.75,3653.0
1,0,0,0,31,1,2,1,0,0,0,2,0,0,1,0,1,81.7,2548.65
1,0,1,0,7,1,0,1,0,0,0,0,0,0,0,1,2,69.35,451.1
1,0,0,0,2,1,0,0,0,0,0,0,0,0,0,1,3,45.0,96.45
0,0,1,1,59,1,2,0,0,0,2,2,2,0,2,1,0,72.1,4194.85
1,0,0,0,7,1,2,1,0,0,0,0,2,2,0,1,2,94.1,701.3
1,0,0,1,28,1,0,0,0,2,0,2,0,0,1,1,1,54.4,1516.6
0,1,0,0,41,1,0,1,0,0,2,2,2,2,1,1,0,101.1,4016.2
0,0,0,0,4,1,0,0,2,2,0,0,0,0,0,0,2,55.2,220.65
0,0,0,0,41,1,2,1,0,2,2,0,2,2,0,1,2,106.3,4443.45
1,0,0,0,7,0,1,0,0,0,2,2,0,0,1,1,1,35.5,249.55
1,1,0,0,20,1,2,1,0,0,0,0,2,0,0,1,2,84.35,1745.2
1,0,1,1,12,1,0,0,0,0,0,0,0,2,1,0,1,53.65,696.35
0,1,0,0,31,1,0,1,2,0,0,0,0,0,0,1,1,73.55,2094.65
0,1,0,0,18,1,0,0,0,2,0,0,0,0,0,1,1,49.85,865.75
1,0,1,0,45,1,2,1,0,2,2,0,2,2,0,1,0,107.75,4882.8
1,0,0,1,31,0,1,0,0,0,0,0,0,0,0,0,1,25.0,789.2
1,1,0,0,43,1,2,1,0,0,0,0,2,0,0,1,2,84.85,3645.6
1,0,0,0,45,0,1,0,2,0,2,2,0,0,1,0,0,42.3,1840.75
1,0,1,0,11,1,2,1,0,0,0,0,0,0,0,1,2,74.95,825.7
1,0,0,0,18,0,1,0,0,2,2,0,0,0,0,1,1,33.5,600.0
0,0,0,0,18,0,1,0,2,2,0,2,0,0,1,1,3,40.2,711.95
0,0,1,1,52,1,0,2,1,1,1,1,1,1,1,1,2,20.4,1090.65
0,0,0,0,15,1,2,1,2,0,2,0,0,0,0,1,1,84.35,1302.65
0,1,0,0,11,1,0,1,0,2,0,0,2,2,0,1,2,95.0,1120.3
1,0,1,1,22,1,0,2,1,1,1,1,1,1,1,0,0,20.25,488.25
1,0,0,0,39,1,0,0,0,0,0,2,0,0,2,1,0,49.8,1971.15
1,0,1,1,4,1,2,1,0,2,2,0,0,0,0,1,0,84.8,371.9
0,0,0,0,1,1,0,1,0,0,0,0,0,0,0,1,3,70.15,70.15
1,0,0,0,8,1,0,1,0,0,0,0,0,0,0,1,3,70.1,551.35
0,0,0,0,47,1,0,2,1,1,1,1,1,1,2,0,1,20.25,1029.8
0,0,1,0,67,1,0,2,1,1,1,1,1,1,2,0,3,19.65,1335.2
0,0,1,1,70,1,2,1,2,2,2,2,2,2,2,1,1,115.15,8250.0
0,0,1,0,21,1,0,0,2,0,2,2,2,2,1,0,3,80.9,1714.95
1,0,0,0,43,1,2,2,1,1,1,1,1,1,2,0,0,26.45,1110.05
0,0,0,0,50,1,0,2,1,1,1,1,1,1,1,0,0,19.75,989.05
0,0,1,0,33,0,1,0,2,0,2,2,2,2,2,0,0,59.55,2016.3
0,1,0,0,2,1,0,1,0,2,0,0,2,0,0,1,0,83.8,163.7
0,0,0,0,9,1,0,0,0,2,0,2,2,0,0,0,3,66.25,620.55
1,0,1,1,17,1,0,1,0,0,0,0,0,0,0,1,2,69.0,1149.65
1,0,1,1,45,1,2,1,0,2,2,0,0,2,1,1,1,95.0,4368.85
0,0,0,0,13,1,0,2,1,1,1,1,1,1,1,0,3,20.2,273.25
0,0,0,0,71,1,2,2,1,1,1,1,1,1,2,0,2,24.55,1719.15
0,0,1,1,1,1,0,0,0,0,0,0,0,0,0,1,0,44.35,44.35
0,0,0,0,1,1,0,1,0,0,0,0,0,0,0,1,3,70.7,70.7
0,0,1,1,12,1,0,2,1,1,1,1,1,1,0,0,3,19.0,233.55
1,0,1,1,69,1,2,1,0,2,2,0,2,0,1,0,1,95.75,6511.25
1,0,1,1,72,1,2,0,2,2,2,2,2,0,2,0,0,82.3,5815.15
0,1,0,0,22,1,0,0,2,0,2,2,0,2,0,1,3,69.75,1545.4
1,0,0,0,42,1,2,1,0,0,0,2,2,2,0,1,2,100.3,4222.95
1,0,0,1,3,1,0,2,1,1,1,1,1,1,0,1,3,20.05,75.45
0,0,0,0,1,1,0,2,1,1,1,1,1,1,0,0,3,19.65,19.65
0,0,1,1,46,1,0,2,1,1,1,1,1,1,2,0,1,19.4,958.15
1,0,1,1,25,1,2,0,0,0,0,2,0,0,1,1,3,55.1,1466.1
0,0,1,0,47,1,2,2,1,1,1,1,1,1,1,0,2,26.9,1250.85
1,0,0,0,20,1,2,0,0,2,0,2,2,0,1,1,2,68.7,1416.2
0,0,1,1,42,1,2,2,1,1,1,1,1,1,2,0,2,22.95,1014.25
1,0,0,0,6,1,0,1,0,2,0,0,2,0,0,1,2,84.85,523.5
0,0,1,0,41,1,0,1,0,2,2,2,0,0,1,1,0,86.2,3339.05
1,0,1,1,52,1,0,0,2,2,2,0,2,2,2,0,2,79.2,4016.3
0,0,0,0,18,1,2,1,0,0,0,2,2,2,0,1,0,99.85,1776.95
0,0,1,1,7,1,0,0,2,2,2,2,2,0,0,1,2,75.7,554.05
0,0,1,0,53,1,0,2,1,1,1,1,1,1,1,0,0,20.8,1021.8
0,0,0,0,35,1,2,1,0,0,0,0,2,0,0,1,2,86.45,3029.1
1,0,0,0,1,1,2,1,0,0,2,0,2,2,0,1,2,101.45,101.45
0,0,0,0,52,1,2,1,0,2,0,0,0,0,1,1,3,80.2,4297.6
1,1,1,1,61,1,2,1,0,2,0,0,2,2,1,0,2,99.0,5969.3
0,0,1,0,56,1,2,1,0,2,2,2,0,0,0,0,2,90.55,5116.6
1,0,0,0,29,1,0,1,0,2,0,2,2,0,0,0,3,89.65,2623.65
0,0,0,0,2,1,0,1,0,0,0,0,0,0,0,1,2,69.7,135.2
0,0,0,1,72,1,0,2,1,1,1,1,1,1,2,1,3,19.75,1567.0
0,0,1,1,64,1,2,0,2,2,2,2,2,2,2,1,3,90.6,5817.45
0,0,1,1,43,0,1,0,2,2,0,2,2,0,1,1,0,51.25,2151.6
0,0,1,1,72,1,2,1,2,2,2,0,2,2,2,0,1,109.55,7887.25
1,0,1,1,67,1,0,1,0,2,2,2,2,2,2,0,0,103.15,6895.5
1,1,0,0,52,1,2,1,0,2,2,2,2,2,0,1,2,110.75,5832.0
1,1,1,0,31,1,2,1,2,0,0,0,2,0,0,0,2,89.45,2807.65
1,0,0,0,7,1,2,1,0,0,2,0,2,0,0,1,1,89.35,631.85
1,0,1,0,56,1,2,1,2,0,0,0,2,2,1,1,2,100.55,5514.95
0,0,0,0,68,1,2,2,1,1,1,1,1,1,2,0,0,25.5,1821.8
1,0,0,0,4,1,0,2,1,1,1,1,1,1,0,0,3,19.0,73.45
1,0,1,0,15,1,2,1,0,0,2,0,2,2,0,1,2,101.1,1504.05
0,0,1,1,55,1,2,2,1,1,1,1,1,1,2,1,1,25.65,1388.0
0,0,0,0,25,1,0,0,0,2,0,2,0,2,0,1,0,65.8,1679.65
0,0,1,1,37,1,2,2,1,1,1,1,1,1,2,1,0,24.1,861.85
0,1,1,0,67,1,2,1,2,2,0,0,2,2,1,1,2,105.6,7112.15
1,0,0,0,1,1,0,1,0,0,0,0,0,0,0,1,3,71.55,71.55
0,0,0,0,13,1,0,1,0,2,2,0,0,0,0,1,2,81.15,952.3
1,1,1,0,7,1,2,1,2,2,0,0,0,2,0,1,1,94.7,673.1
1,0,1,1,69,1,0,2,1,1,1,1,1,1,2,0,0,19.9,1356.7
1,0,0,0,2,1,2,1,0,2,0,0,0,0,0,1,2,79.45,145.15
0,0,0,0,49,1,2,0,2,2,0,0,0,0,0,1,1,59.75,2934.3
0,0,0,0,43,1,2,0,0,2,2,2,2,2,1,0,1,85.1,3662.25
1,0,0,0,1,1,0,1,0,0,0,0,0,0,0,1,2,69.35,69.35
1,0,1,0,64,1,0,1,0,2,2,2,2,2,1,1,1,102.45,6654.1
1,1,0,0,57,1,2,1,2,0,0,2,0,2,2,0,2,93.75,5625.55
0,0,0,1,48,0,1,0,0,2,2,0,0,2,0,0,1,45.55,2108.35
1,0,0,0,22,1,2,1,0,0,0,0,2,2,0,1,2,95.1,2162.6
1,0,1,1,63,1,0,2,1,1,1,1,1,1,2,1,3,19.15,1177.05
1,0,0,0,1,1,0,2,1,1,1,1,1,1,0,0,3,19.7,19.7
1,0,0,0,8,1,0,0,0,0,0,0,0,0,0,1,3,45.15,438.4
1,0,0,0,47,1,2,1,2,2,0,2,2,0,0,0,3,100.75,4669.2
1,0,1,1,43,1,2,1,2,0,2,2,0,0,1,1,1,91.25,4013.8
1,0,1,1,53,1,0,2,1,1,1,1,1,1,2,1,3,19.4,1110.35
0,1,0,0,4,1,2,1,0,0,2,0,0,2,0,1,2,88.85,372.45
0,1,0,0,1,1,0,0,0,0,0,0,0,0,0,0,3,45.1,45.1
1,0,1,0,52,1,2,0,0,2,0,2,0,0,0,0,0,61.35,3169.55
0,0,0,0,1,1,0,2,1,1,1,1,1,1,0,0,0,19.9,19.9
0,0,1,1,12,1,2,2,1,1,1,1,1,1,2,0,1,25.25,274.7
1,1,0,0,30,1,2,0,0,0,2,2,2,0,2,1,1,69.1,2093.9
0,1,1,0,70,1,2,0,2,2,2,2,2,2,2,1,0,92.2,6474.45
0,0,1,1,48,1,2,0,0,2,0,2,2,2,2,0,2,79.65,3870.3
1,0,1,0,31,1,2,1,0,0,2,0,2,0,0,0,1,88.65,2683.2
1,0,0,0,3,1,0,0,0,0,0,0,0,0,0,0,3,45.45,141.7
1,0,0,0,10,1,0,0,0,0,0,0,0,0,0,1,2,45.55,402.6
1,0,0,1,33,1,2,1,2,0,2,0,0,2,0,1,0,95.3,3275.15
1,0,0,0,25,1,0,2,1,1,1,1,1,1,1,1,0,19.5,516.3
1,0,1,1,2,1,2,0,2,0,0,0,0,0,0,0,3,56.7,113.55
1,1,1,0,10,1,0,1,0,2,2,2,2,0,0,1,3,92.5,934.1
0,0,1,1,1,1,0,2,1,1,1,1,1,1,0,0,3,20.55,20.55
1,0,0,0,51,1,0,2,1,1,1,1,1,1,1,0,2,19.1,1007.8
1,0,0,0,1,1,0,1,0,0,0,0,0,0,0,1,2,69.85,69.85
0,0,1,0,34,1,2,0,2,2,0,2,0,0,0,0,2,62.65,2274.9
0,0,1,0,59,1,0,2,1,1,1,1,1,1,2,0,0,18.4,1057.85
1,0,0,0,72,1,2,1,0,2,2,0,2,2,2,1,0,100.9,7459.05
0,0,0,0,68,0,1,0,0,2,0,2,0,2,0,0,2,44.95,3085.35
1,0,0,0,9,1,0,0,0,0,0,0,0,0,0,0,3,44.95,431.0
1,1,1,1,22,0,1,0,2,0,0,0,0,2,0,0,3,40.05,880.2
1,0,0,1,62,1,0,2,1,1,1,1,1,1,2,0,0,20.0,1250.1
0,0,1,0,71,1,2,1,2,2,0,0,2,0,1,0,3,95.65,6856.95
0,0,1,0,20,0,1,0,0,0,0,0,0,0,0,1,2,24.45,482.8
1,0,1,0,65,1,2,1,0,2,0,0,0,2,0,1,2,90.65,5931.0
0,0,0,0,3,1,0,0,2,2,0,0,0,0,0,0,2,55.35,165.2
0,0,0,0,68,1,0,0,2,2,2,2,2,2,2,1,1,82.45,5646.6
0,1,0,0,4,1,0,2,1,1,1,1,1,1,0,0,3,20.05,91.45
0,0,1,0,58,1,2,1,0,2,2,0,0,2,1,1,2,94.3,5610.15
0,0,1,1,5,1,0,0,2,0,0,0,0,0,0,1,3,49.4,232.55
0,0,1,1,72,1,0,0,2,2,2,0,2,0,2,1,1,70.65,5011.15
1,0,0,0,26,1,0,0,0,0,0,2,0,0,0,0,0,49.15,1237.3
0,0,0,0,3,1,0,0,0,0,0,0,0,0,0,0,2,44.6,122.7
1,0,0,0,27,1,0,2,1,1,1,1,1,1,0,1,1,19.4,460.25
0,0,0,0,1,1,0,1,0,0,0,0,2,0,0,1,2,80.25,80.25
0,0,0,0,33,1,2,2,1,1,1,1,1,1,2,0,1,25.7,826.1
0,0,1,0,19,1,0,1,2,0,0,0,0,0,0,1,2,73.2,1441.1
0,1,0,0,25,1,2,1,2,2,0,0,2,2,0,1,3,102.8,2660.2
1,0,1,0,22,1,2,1,0,0,0,0,0,2,0,1,2,85.1,1873.7
1,0,0,0,8,1,0,1,0,0,2,0,2,2,0,1,2,94.7,740.3
1,0,1,1,44,1,0,2,1,1,1,1,1,1,1,0,0,20.0,860.85
0,0,1,1,55,1,0,0,2,2,0,0,0,0,0,0,2,55.7,3131.8
1,1,1,0,46,1,2,1,0,0,2,0,2,2,0,1,2,98.85,4564.9
1,0,0,0,2,1,0,0,2,0,0,2,0,0,0,1,3,54.45,87.3
1,0,0,0,22,1,2,0,2,2,2,0,0,0,0,0,3,65.05,1427.55
1,1,1,0,43,1,2,1,0,2,0,0,2,2,0,1,2,101.0,4388.4
0,0,0,0,7,1,0,0,0,0,2,2,0,2,0,0,0,62.8,418.3
1,1,1,0,1,1,2,1,0,0,0,0,0,0,0,1,2,74.4,74.4
1,1,0,0,5,1,0,1,0,2,0,0,0,2,0,1,2,85.55,408.5
0,0,1,1,58,1,0,0,0,0,0,0,0,0,1,1,3,44.1,2413.05
1,0,0,0,24,1,0,1,0,2,2,2,0,0,0,1,2,85.95,2107.15
1,0,0,0,18,1,0,2,1,1,1,1,1,1,1,0,3,19.65,411.25
1,1,1,0,55,1,2,1,0,0,0,0,0,0,0,1,2,74.0,4052.4
1,0,1,0,58,1,0,0,2,2,2,0,0,0,1,0,1,60.3,3563.8
0,0,0,0,4,1,0,1,0,0,0,0,0,2,0,1,2,79.15,317.25
0,0,1,1,38,1,0,2,1,1,1,1,1,1,1,0,1,19.6,763.1
1,0,0,0,2,1,0,2,1,1,1,1,1,1,0,0,3,19.4,50.6
0,0,0,0,46,1,0,0,0,0,2,2,0,0,2,0,1,54.35,2460.15
0,0,1,0,68,1,2,1,0,0,2,0,2,0,2,1,0,89.95,5974.3
1,0,0,0,19,1,2,1,0,0,0,0,0,2,0,1,0,86.0,1532.45
0,0,1,0,70,0,1,0,2,0,2,2,0,2,2,1,0,49.85,3370.2
0,0,0,0,52,1,2,0,0,0,2,2,2,2,2,1,0,80.95,4233.95
1,0,1,0,54,1,2,1,2,2,2,0,2,2,0,0,2,109.55,6118.95
0,0,1,1,68,1,2,0,2,2,2,0,2,0,1,1,1,73.0,5163.0
0,0,0,0,34,1,2,1,0,0,0,0,2,0,0,0,2,85.35,2896.6
0,0,1,1,49,1,2,1,0,0,0,0,2,2,0,1,0,95.4,4613.95
0,0,1,0,70,1,2,1,0,0,2,0,2,2,1,1,2,101.75,7069.3
1,0,1,1,70,1,2,1,2,2,2,2,2,2,2,0,1,114.75,7842.3
1,0,0,1,62,1,2,2,1,1,1,1,1,1,2,1,3,24.4,1413.0
1,0,1,0,4,1,2,1,0,0,0,0,0,0,0,1,2,74.65,301.4
0,0,0,0,33,1,2,0,2,2,0,0,0,0,0,1,3,60.9,2033.85
1,0,1,1,20,1,2,1,0,2,0,2,2,0,0,0,3,96.8,1826.7
0,0,1,0,23,1,2,1,0,0,2,0,0,2,0,0,3,90.15,2044.95
1,0,1,1,71,1,2,0,2,0,0,0,2,0,1,1,2,66.2,4692.55
0,0,1,1,39,1,2,1,0,0,0,2,2,2,0,1,1,99.95,3767.4
1,0,1,0,23,1,0,2,1,1,1,1,1,1,1,0,1,19.3,486.2
0,0,1,0,49,1,2,1,2,0,0,0,2,2,0,1,3,100.85,4847.35
0,0,1,0,49,1,0,2,1,1,1,1,1,1,1,0,0,20.45,900.9
1,0,0,1,1,1,0,1,0,0,0,0,2,2,0,1,2,90.85,90.85
0,1,0,0,14,1,2,1,0,2,0,0,0,0,0,1,2,78.95,1101.85
1,1,0,0,11,1,2,0,2,2,0,0,0,0,0,0,0,60.25,662.95
1,1,1,0,72,1,2,1,0,2,0,0,2,2,1,1,1,97.25,7133.1
0,0,1,0,44,1,2,1,2,2,2,2,0,0,0,1,1,95.1,4060.55
0,0,1,0,31,1,0,0,0,0,0,2,0,0,0,1,3,49.2,1498.55
0,0,0,1,15,1,0,0,2,2,2,2,0,0,1,0,1,65.6,1010.0
0,0,0,0,24,1,2,1,0,2,2,0,2,2,0,1,2,104.15,2494.65
0,1,0,0,32,1,0,0,0,2,0,2,0,0,0,0,0,54.65,1830.1
0,0,0,1,8,0,1,0,2,0,0,0,0,2,0,1,2,38.5,330.8
1,1,0,0,71,1,2,1,0,2,0,2,2,2,2,1,2,106.8,7623.2
0,0,1,1,69,0,1,0,2,0,2,0,0,2,2,1,1,43.95,2960.1
0,0,1,1,39,1,0,2,1,1,1,1,1,1,2,1,0,19.85,854.8
0,0,1,1,4,1,0,1,0,0,0,0,2,0,0,1,3,78.9,299.75
1,1,1,0,53,1,2,0,2,0,0,2,0,0,1,1,2,60.05,3229.65
1,1,0,0,1,1,0,1,0,0,0,0,2,0,0,1,2,79.1,79.1
1,0,0,0,14,1,2,1,0,2,0,0,2,2,0,1,2,100.55,1415.55
1,0,1,0,11,1,0,0,0,0,0,0,2,0,0,1,0,55.05,608.15
0,0,0,0,6,0,1,0,2,2,2,2,2,2,2,1,3,63.4,348.8
0,0,0,0,68,1,0,2,1,1,1,1,1,1,2,0,1,19.6,1441.65
1,0,0,0,2,1,0,2,1,1,1,1,1,1,0,0,3,19.85,51.6
0,0,1,0,19,1,2,1,0,0,2,0,0,2,0,0,3,89.65,1761.05
1,0,0,0,6,1,0,1,0,2,0,0,2,0,0,1,2,85.35,489.45
0,1,1,0,58,1,2,1,0,2,0,0,2,2,1,1,0,97.8,5458.8
1,0,0,1,1,0,1,0,0,2,0,0,0,0,0,1,3,31.35,31.35
1,0,0,0,1,1,0,0,0,0,0,0,0,0,0,0,3,44.4,44.4
0,0,1,0,53,1,2,1,0,2,0,0,2,2,0,1,1,98.4,5149.5
0,1,0,0,45,1,0,1,2,2,0,2,0,0,0,1,0,85.7,3778.1
0,0,1,0,58,1,2,0,2,0,2,2,2,2,2,1,2,84.3,4916.4
1,0,1,1,33,1,0,2,1,1,1,1,1,1,1,0,3,20.6,690.25
1,0,1,1,23,0,1,0,0,0,0,2,0,0,0,1,0,30.35,678.75
1,1,1,0,30,1,0,0,0,2,0,0,0,0,0,1,0,50.4,1527.5
1,0,1,1,6,1,0,1,0,0,0,0,0,0,0,1,2,69.8,377.85
0,0,0,0,5,1,2,0,2,0,0,0,0,0,0,1,2,53.8,283.95
1,0,0,0,29,1,0,1,0,0,2,2,2,2,0,1,1,98.8,2807.1
1,0,0,0,1,1,0,2,1,1,1,1,1,1,0,0,3,19.05,19.05
0,0,0,0,1,1,0,1,0,0,2,0,2,0,0,1,2,85.45,85.45
0,0,1,0,14,1,0,2,1,1,1,1,1,1,2,0,3,20.4,292.4
0,0,1,1,64,1,2,2,1,1,1,1,1,1,1,0,3,24.9,1595.5
0,0,1,1,45,1,2,2,1,1,1,1,1,1,2,1,1,24.65,1171.3
0,0,1,0,2,1,0,1,2,0,0,2,0,0,0,1,2,80.15,194.55
0,0,0,0,42,1,2,1,2,0,2,0,2,2,0,1,2,105.2,4400.75
1,0,1,1,53,1,2,0,0,0,2,2,2,2,1,1,3,78.75,3942.45
1,0,1,1,47,1,2,1,2,2,2,2,2,2,1,1,0,113.45,5317.8
1,1,0,0,1,1,2,1,0,0,0,0,0,0,0,1,2,76.45,76.45
1,0,1,1,46,1,2,2,1,1,1,1,1,1,1,0,2,24.9,1174.8
0,0,0,0,63,1,2,1,2,2,2,0,2,2,0,0,1,108.25,6780.1
0,0,1,1,72,1,2,0,2,2,2,2,0,0,2,1,0,70.45,5165.7
0,1,0,0,7,1,0,0,0,2,0,0,0,0,0,1,3,51.3,419.35
0,0,0,0,31,1,0,0,0,2,2,2,2,2,2,0,3,79.2,2497.2
1,0,0,0,1,1,0,1,0,0,0,0,0,0,0,1,2,69.65,69.65
0,1,0,0,1,1,2,1,0,0,0,0,0,0,0,1,3,74.45,74.45
1,0,0,1,1,1,0,1,0,0,0,0,0,0,0,0,0,69.75,69.75
1,0,0,0,17,1,2,0,2,0,0,0,0,2,0,0,0,65.75,1111.2
1,0,1,1,1,1,0,2,1,1,1,1,1,1,0,1,0,20.15,20.15
1,0,0,0,12,1,0,1,0,0,0,0,0,2,0,1,0,79.95,1043.4
1,0,1,1,63,1,0,1,0,2,2,0,0,0,0,1,1,80.3,4896.35
1,1,1,0,68,1,2,1,0,2,2,0,2,2,0,1,2,105.3,7299.65
1,1,1,0,3,1,2,1,0,0,0,0,2,2,0,1,2,94.6,279.55
1,0,0,0,10,1,2,1,0,0,0,0,2,0,0,1,0,86.05,834.1
1,1,1,0,55,1,2,0,2,2,0,0,0,0,1,0,1,60.0,3316.1
1,0,0,0,4,1,0,0,0,0,0,2,2,0,0,1,2,61.3,249.4
1,0,1,0,1,1,0,1,0,0,0,0,2,0,0,1,2,80.55,80.55
1,0,0,0,52,1,0,0,2,2,0,0,2,0,2,1,1,63.25,3342.45
1,0,1,0,50,1,0,2,1,1,1,1,1,1,2,0,2,19.8,1013.2
1,0,0,0,57,0,1,0,0,2,0,0,2,0,0,1,2,39.3,2111.45
1,1,1,0,60,1,0,1,0,2,2,0,2,2,1,1,2,97.95,5867.0
0,1,1,0,70,1,2,1,2,2,2,2,2,2,2,1,1,113.0,7987.6
0,0,1,0,19,1,0,1,0,0,2,0,2,2,0,1,2,96.8,1743.05
0,0,0,0,37,0,1,0,0,0,0,2,0,0,0,0,1,28.6,973.55
0,0,0,0,5,1,0,1,0,0,0,0,2,0,0,1,1,81.0,389.6
1,0,0,0,35,1,0,2,1,1,1,1,1,1,0,0,0,20.75,739.9
1,0,0,0,22,0,1,0,0,2,2,0,0,2,1,1,0,43.75,903.6
0,1,0,0,21,1,2,1,0,0,0,0,2,2,0,1,2,94.25,1973.75
1,0,1,1,39,1,2,2,1,1,1,1,1,1,2,0,3,25.2,987.95
0,0,1,0,39,1,0,1,2,0,2,2,2,2,1,1,1,104.7,4134.85
0,0,1,1,65,1,2,0,0,2,0,2,2,2,2,1,0,79.4,5071.9
1,0,0,0,25,1,0,1,2,0,0,0,0,0,0,0,0,74.3,1952.25
1,0,0,0,1,1,0,1,0,0,0,0,0,0,0,1,2,69.9,69.9
1,1,1,0,4,1,2,1,0,0,0,0,0,0,0,1,3,74.4,306.6
1,0,1,0,44,1,0,1,0,0,0,0,2,2,1,1,0,90.65,3974.15
0,0,1,0,65,1,0,0,2,0,2,0,0,0,0,1,3,55.15,3673.15
1,0,0,0,21,1,0,2,1,1,1,1,1,1,0,1,3,19.95,416.4
0,0,0,0,1,1,0,1,0,0,0,2,2,2,0,1,2,95.85,95.85
1,0,1,1,60,1,2,1,0,0,0,0,0,0,0,0,0,74.35,4453.3
1,1,0,0,4,1,0,1,0,0,0,0,0,0,0,1,2,70.65,293.85
1,0,1,1,66,1,2,2,1,1,1,1,1,1,1,1,1,25.7,1714.55
0,0,1,0,30,1,0,2,1,1,1,1,1,1,0,0,0,19.65,655.85
1,0,0,0,1,1,0,2,1,1,1,1,1,1,0,0,0,19.65,19.65
1,0,0,0,10,1,2,1,0,0,0,0,0,0,0,1,3,74.15,811.8
0,0,0,0,29,1,0,2,1,1,1,1,1,1,0,0,1,19.35,601.6
1,0,1,0,71,1,2,2,1,1,1,1,1,1,2,1,2,24.5,1816.2
1,0,0,1,28,1,0,1,2,0,0,0,0,0,0,1,0,74.9,2068.55
1,0,1,0,30,1,2,1,0,0,0,0,2,2,0,1,1,94.05,2866.45
0,1,0,0,64,1,2,0,0,2,2,2,0,2,0,0,1,74.65,4869.35
0,0,0,1,23,1,0,0,0,0,0,2,0,0,1,1,2,49.45,1119.35
1,0,0,0,3,1,0,2,1,1,1,1,1,1,0,1,3,19.65,68.35
1,0,0,0,14,1,0,1,0,0,0,0,2,2,0,1,2,92.9,1337.45
1,0,1,0,31,1,0,1,0,0,2,0,2,2,1,1,2,93.8,2939.8
1,0,1,1,12,1,0,2,1,1,1,1,1,1,2,0,3,19.7,258.35
0,1,0,0,1,1,0,1,0,0,0,0,0,0,0,1,2,70.2,70.2
0,0,1,1,61,1,0,2,1,1,1,1,1,1,2,0,1,19.75,1311.6
0,0,0,0,1,1,2,1,0,0,0,0,0,2,0,1,2,85.0,85.0
0,0,1,0,43,1,2,1,0,2,0,0,0,0,0,0,2,80.45,3398.9
1,0,0,0,14,1,2,0,0,2,0,0,0,0,0,1,1,55.5,767.55
0,0,0,0,15,1,2,2,1,1,1,1,1,1,0,1,1,25.4,399.6
0,0,1,1,8,1,0,2,1,1,1,1,1,1,1,0,2,19.8,160.05
1,0,0,0,32,1,0,1,0,0,0,2,2,2,0,1,2,96.2,3183.4
1,1,1,0,66,1,2,1,0,2,2,2,2,2,1,1,2,110.85,7491.75
0,0,1,1,34,0,1,0,2,0,2,2,2,2,1,0,3,61.25,1993.2
0,0,1,1,3,0,1,0,2,0,0,0,0,0,0,0,1,29.7,91.7
0,0,1,1,72,1,2,0,2,0,2,2,2,2,2,0,1,84.7,5893.9
1,0,0,0,54,1,0,0,2,2,0,0,2,0,2,1,0,65.3,3512.9
1,0,1,0,35,1,2,1,0,0,0,2,0,2,0,1,0,89.85,3161.2
0,0,1,1,60,1,0,2,1,1,1,1,1,1,2,1,1,19.25,1103.25
1,0,0,0,1,1,0,2,1,1,1,1,1,1,0,0,3,19.55,19.55
1,1,1,0,72,1,2,1,2,2,2,2,2,2,0,1,1,112.9,8061.5
1,0,1,1,70,1,2,0,2,0,2,0,2,0,2,0,1,68.95,4858.7
1,0,0,0,2,1,0,1,2,0,0,0,0,0,0,1,2,75.7,189.2
1,0,0,0,39,1,2,1,0,0,0,0,0,0,0,1,1,73.15,2730.85
1,0,0,0,58,1,0,2,1,1,1,1,1,1,2,0,3,20.8,1212.25
0,0,0,0,1,1,0,2,1,1,1,1,1,1,0,1,3,19.55,19.55
1,1,1,0,7,1,0,1,0,0,0,0,2,2,0,1,2,89.5,676.7
0,0,1,1,34,1,0,0,2,2,2,2,2,2,2,0,3,84.75,2839.45
1,1,1,0,29,1,2,1,0,0,0,2,0,0,0,1,2,79.3,2414.55
0,0,1,0,72,1,2,1,2,2,2,2,2,2,2,1,1,113.65,8124.2
1,0,0,0,21,1,0,0,0,0,2,0,0,2,0,0,3,61.65,1393.6
0,0,1,1,65,1,2,2,1,1,1,1,1,1,2,0,1,26.0,1654.85
1,1,0,0,4,0,1,0,0,0,0,0,0,0,0,1,0,25.2,102.5
0,0,0,0,1,1,0,0,0,0,0,0,0,0,0,0,0,44.15,44.15
0,1,0,0,2,0,1,0,0,0,0,0,0,0,0,0,2,24.35,41.85
1,0,1,1,66,1,2,0,0,2,2,0,2,2,2,0,0,79.85,5234.95
1,0,1,1,21,1,2,0,2,2,0,2,2,0,1,0,3,77.5,1625.0
0,0,1,0,58,1,0,0,2,2,0,0,2,0,0,1,1,65.25,3791.6
1,0,0,0,2,1,2,2,1,1,1,1,1,1,0,0,3,24.85,62.0
1,0,0,0,10,1,0,0,0,2,0,0,2,0,0,1,3,59.65,638.95
1,0,1,1,19,1,0,1,0,2,0,2,2,2,1,0,0,100.0,1888.65
0,0,1,1,21,0,1,0,2,0,2,0,2,2,1,1,2,55.95,1157.05
0,0,0,0,55,1,0,0,0,0,0,0,0,0,1,0,0,45.05,2462.6
0,0,0,0,15,1,0,2,1,1,1,1,1,1,1,0,1,20.1,302.45
1,0,0,0,56,1,2,1,0,2,0,0,2,2,0,0,2,98.6,5581.05
0,0,0,0,24,0,1,0,0,2,2,0,2,2,0,1,1,54.15,1240.25
0,0,1,1,40,1,2,1,0,2,2,0,2,0,0,1,1,96.35,3915.4
1,0,0,0,67,1,2,1,2,2,2,2,2,2,2,0,1,116.2,7752.3
0,0,1,1,72,0,1,0,2,2,2,2,2,2,2,1,1,65.2,4784.45
1,0,1,0,15,1,0,2,1,1,1,1,1,1,1,0,3,18.8,294.95
0,0,1,1,72,1,2,1,2,2,0,2,2,0,2,0,0,99.9,7251.7
1,0,1,1,69,1,0,1,0,2,0,2,2,0,2,1,3,92.15,6480.9
0,0,0,0,64,1,2,1,0,2,2,2,2,2,2,1,1,110.5,7069.25
1,0,1,0,38,1,2,1,2,0,2,2,2,2,1,1,2,110.7,4428.6
0,0,0,0,41,1,0,2,1,1,1,1,1,1,2,1,3,19.85,810.45
0,0,0,0,26,1,0,0,0,2,2,0,0,0,1,1,3,56.05,1553.2
0,0,1,1,68,1,0,2,1,1,1,1,1,1,2,1,0,19.35,1292.65
1,0,1,1,58,1,2,1,0,0,2,2,0,2,2,0,0,94.35,5563.65
1,0,0,0,52,1,0,2,1,1,1,1,1,1,2,0,3,19.65,1025.05
1,0,1,1,63,1,2,2,1,1,1,1,1,1,2,0,1,24.65,1574.5
1,0,0,0,7,1,0,2,1,1,1,1,1,1,0,0,3,20.75,141.1
0,0,1,0,70,1,2,2,1,1,1,1,1,1,2,1,0,26.0,2006.95
0,0,0,0,53,1,0,1,0,2,2,2,0,2,1,1,1,94.45,5042.75
1,0,1,1,23,1,0,2,1,1,1,1,1,1,2,0,1,19.6,426.65
0,0,1,1,23,1,2,0,0,2,0,2,2,0,0,1,1,69.5,1652.1
1,0,0,0,12,1,2,2,1,1,1,1,1,1,0,0,2,25.0,316.2
1,0,1,1,59,0,1,0,2,0,2,0,0,0,1,0,3,34.8,1980.3
0,1,1,0,52,1,2,1,2,2,2,0,2,2,0,1,2,109.1,5647.95
0,0,1,0,28,1,0,2,1,1,1,1,1,1,0,0,3,20.5,563.05
0,0,0,0,39,0,1,0,0,0,2,0,2,2,0,1,1,50.65,1905.4
0,0,1,1,64,0,1,0,0,2,0,2,2,2,2,1,2,54.6,3423.5
0,0,0,0,32,1,0,2,1,1,1,1,1,1,0,0,0,19.9,601.55
0,0,0,0,1,1,0,2,1,1,1,1,1,1,0,0,3,20.5,20.5
0,0,0,0,68,1,0,2,1,1,1,1,1,1,2,0,0,20.05,1386.9
0,0,0,1,35,1,0,0,2,2,0,0,0,0,1,0,1,55.6,2016.45
0,0,1,1,56,1,0,0,2,2,2,0,0,0,2,1,1,61.3,3346.8
0,0,1,0,72,1,2,0,2,2,2,2,2,0,2,0,1,79.2,5401.9
1,0,0,1,72,1,0,2,1,1,1,1,1,1,2,0,1,19.9,1529.65
0,0,1,1,72,0,1,0,2,0,2,0,2,2,2,1,1,53.8,3952.45
0,0,0,0,12,1,0,1,2,0,0,2,2,2,0,1,0,98.9,1120.95
0,0,1,0,58,0,1,0,2,2,0,0,2,0,1,1,2,45.35,2540.1
0,0,0,0,11,0,1,0,0,0,0,0,2,0,0,1,3,35.8,363.15
1,0,1,0,14,0,1,0,0,0,0,0,2,2,0,0,2,46.35,667.7
1,0,1,0,2,1,0,1,0,0,2,0,0,0,0,0,2,76.4,151.8
0,1,1,0,65,1,2,1,2,0,2,0,2,2,0,0,0,105.25,6786.4
1,1,0,0,5,1,0,0,0,0,2,0,0,0,0,0,2,50.35,237.25
1,0,0,0,1,0,1,0,0,0,0,0,0,0,0,0,0,24.8,24.8
1,0,0,0,13,0,1,0,2,0,0,2,2,0,0,1,1,45.55,597.0
1,0,0,0,5,1,0,1,0,0,0,0,0,2,0,0,3,78.75,426.35
0,0,1,0,23,1,0,0,0,0,0,2,2,0,1,0,0,60.0,1347.15
0,1,1,0,53,1,2,2,1,1,1,1,1,1,2,0,1,25.1,1275.6
1,0,1,0,50,0,1,0,2,0,0,2,2,0,1,1,0,44.45,2188.45
0,0,1,0,20,1,2,1,2,0,0,0,0,0,0,0,2,82.4,1592.35
0,0,1,0,11,1,2,1,2,0,0,2,2,0,0,1,1,96.2,1222.05
0,0,1,0,56,1,2,1,0,0,0,0,2,0,0,1,0,85.6,4902.8
1,0,0,0,4,0,1,0,0,0,2,0,0,0,0,1,2,29.65,118.5
1,0,0,0,1,1,0,1,0,0,0,0,0,0,0,1,2,70.3,70.3
0,0,0,0,3,1,0,0,0,0,0,0,0,2,0,1,2,55.3,196.15
1,0,1,1,56,1,2,0,2,2,0,2,0,2,2,1,1,75.85,4261.2
1,1,1,0,32,1,2,1,0,2,2,0,0,2,0,1,2,93.5,2970.8
1,0,0,0,26,0,1,0,2,0,0,2,2,2,1,0,1,54.55,1362.85
0,0,0,0,27,1,0,0,0,2,0,2,0,0,0,1,3,56.15,1439.35
1,0,0,0,24,1,0,0,0,0,0,2,0,0,0,1,1,51.1,1269.6
0,0,0,0,1,0,1,0,2,0,0,0,0,0,0,0,3,29.9,29.9
1,0,0,0,16,1,0,2,1,1,1,1,1,1,0,0,1,19.75,294.9
0,0,1,0,31,1,0,0,2,0,0,2,0,2,1,1,2,64.0,1910.75
1,0,1,1,33,1,0,0,0,2,2,2,2,2,2,0,1,82.1,2603.1
0,1,1,0,68,1,2,1,0,2,0,0,0,2,0,1,0,89.6,6127.6
0,0,1,1,41,1,2,1,0,2,2,2,2,2,1,1,0,109.1,4454.25
0,1,1,1,14,1,2,1,0,0,0,0,2,2,0,1,2,95.8,1346.3
1,0,1,0,2,1,2,1,0,0,2,0,2,0,0,1,2,91.45,171.45
1,0,1,0,65,1,2,1,2,0,2,0,2,2,0,1,2,104.25,6812.95
1,0,1,1,14,1,0,2,1,1,1,1,1,1,1,0,3,19.75,309.35
1,0,0,0,17,0,1,0,0,0,0,0,0,0,0,1,3,25.65,440.2
0,0,1,0,52,0,1,0,2,0,2,0,0,0,1,0,3,35.45,1958.95
1,0,0,0,4,1,0,1,0,0,2,0,0,0,0,1,0,74.8,321.9
0,0,1,0,66,1,2,1,0,2,2,2,0,0,1,1,0,90.55,6130.95
1,0,1,1,25,1,0,1,0,0,0,2,2,0,0,0,2,85.9,2199.05
1,0,0,0,72,1,2,0,2,2,2,2,2,2,2,0,1,88.55,6362.35
1,1,1,0,40,1,0,1,2,2,2,2,2,0,1,1,1,98.15,4116.8
1,0,0,0,62,1,2,1,0,0,2,0,2,2,1,1,2,96.75,6125.4
0,0,1,1,47,1,2,0,2,2,0,2,2,2,2,1,1,85.3,4107.25
1,0,1,1,31,1,0,2,1,1,1,1,1,1,0,1,2,20.65,702.05
0,0,1,1,60,0,1,0,0,2,0,0,2,2,0,1,2,49.75,3069.45
1,0,0,0,3,1,0,2,1,1,1,1,1,1,1,0,3,19.6,61.35
0,0,1,1,65,1,2,1,0,2,2,0,2,2,0,1,2,105.5,6985.65
1,0,1,0,61,1,2,1,2,2,0,0,2,2,0,1,2,106.2,6375.2
0,0,1,1,49,1,2,1,0,2,2,2,2,2,2,1,0,107.95,5293.2
0,0,1,1,14,1,0,1,0,2,0,2,0,2,0,1,1,89.65,1208.35
1,0,0,0,35,1,2,1,0,0,0,0,0,0,0,0,1,75.35,2636.05
1,0,0,0,52,1,0,2,1,1,1,1,1,1,2,0,0,21.0,1107.2
0,0,0,0,11,1,2,1,0,0,0,0,0,0,0,1,2,76.5,837.95
1,0,0,0,25,1,0,0,2,2,0,2,2,2,0,1,3,79.0,1902.0
0,0,1,0,6,1,0,0,0,0,0,2,0,0,0,1,2,49.15,270.8
1,0,0,0,20,1,0,2,1,1,1,1,1,1,0,1,1,19.6,356.15
0,1,0,0,6,1,2,1,0,2,0,0,2,2,0,1,2,98.25,560.6
0,0,0,0,23,1,2,0,2,0,2,0,2,2,1,1,2,78.55,1843.05
0,1,0,0,56,1,2,1,0,2,2,2,2,2,1,1,2,111.95,6418.9
0,0,0,0,4,0,1,0,2,0,2,2,0,2,0,0,3,48.25,202.25
0,0,0,0,1,1,0,2,1,1,1,1,1,1,0,1,3,19.1,19.1
1,0,0,0,1,1,0,2,1,1,1,1,1,1,0,0,3,19.95,19.95
1,0,0,0,5,1,0,0,0,0,2,2,0,0,0,0,2,56.15,291.45
1,0,0,0,1,1,0,2,1,1,1,1,1,1,0,0,3,20.0,20.0
1,0,1,1,17,1,2,0,0,2,2,2,0,0,0,1,3,66.7,1077.05
0,0,1,0,62,1,0,1,2,0,2,2,2,2,1,1,2,104.3,6613.65
1,0,0,0,12,1,2,1,0,2,2,2,2,2,0,1,3,112.95,1384.75
1,0,0,0,14,1,0,2,1,1,1,1,1,1,0,1,2,20.05,299.3
0,0,1,1,72,1,2,2,1,1,1,1,1,1,2,1,0,26.25,1988.05
0,0,1,0,69,1,0,1,0,2,0,0,2,2,1,1,1,95.65,6744.2
0,0,1,0,70,1,2,0,0,2,2,2,2,2,2,1,0,84.8,5917.55
1,0,1,1,52,0,1,0,2,0,2,0,0,2,1,0,0,44.25,2276.1
1,1,0,0,35,1,2,1,2,0,0,0,0,2,0,0,1,91.0,3180.5
1,0,0,1,3,1,0,2,1,1,1,1,1,1,0,0,3,19.95,58.3
0,0,1,1,72,1,2,0,0,2,0,2,2,2,2,1,2,78.95,5730.15
0,0,0,0,30,1,0,2,1,1,1,1,1,1,2,0,1,19.4,578.5
0,0,1,1,63,1,0,0,2,0,0,0,0,0,2,1,0,50.65,3221.25
1,0,0,0,5,0,1,0,2,0,2,2,0,0,0,0,3,40.0,223.45
1,0,0,0,10,1,0,2,1,1,1,1,1,1,0,0,2,20.0,185.4
0,0,1,0,25,1,0,1,0,0,2,0,0,0,0,1,2,74.6,1797.75
0,0,0,0,41,1,2,2,1,1,1,1,1,1,1,1,3,24.85,962.25
1,0,1,1,44,1,0,2,1,1,1,1,1,1,1,0,0,20.6,926.0
0,0,1,1,41,1,2,0,2,2,2,2,0,2,0,0,1,79.9,3326.2
1,1,1,0,23,1,2,1,0,2,2,0,2,2,0,1,2,104.45,2184.85
0,1,1,0,20,1,0,1,0,0,0,0,2,2,1,1,0,91.0,1859.5
1,0,0,0,1,1,2,1,0,0,0,0,0,0,0,1,2,75.1,75.1
1,0,0,0,63,1,2,1,2,2,2,2,2,0,1,0,1,104.5,6590.8
0,1,0,1,30,1,2,1,0,0,0,2,2,2,0,1,2,101.3,2974.5
0,1,0,0,18,1,2,1,0,2,0,2,0,0,0,1,2,85.45,1505.85
0,0,0,0,22,1,0,2,1,1,1,1,1,1,1,0,0,20.85,450.65
1,0,0,0,35,1,0,2,1,1,1,1,1,1,2,0,3,19.25,677.9
0,0,1,0,56,1,0,1,2,2,2,0,2,2,1,1,1,105.6,6068.65
1,0,1,1,68,1,0,1,2,0,0,2,2,2,2,1,2,99.55,6668.0
0,0,0,0,27,1,0,0,2,2,0,0,0,0,0,1,3,56.7,1652.95
1,0,1,1,49,0,1,0,2,0,0,0,0,2,0,1,2,39.2,1838.15
1,0,0,1,15,1,2,2,1,1,1,1,1,1,0,1,2,24.8,324.15
1,1,0,0,5,0,1,0,0,0,2,2,2,0,0,0,1,45.4,214.75
0,1,0,0,72,1,2,1,2,2,2,2,2,2,2,1,1,117.35,8436.25
1,0,0,0,1,1,0,2,1,1,1,1,1,1,0,0,2,19.2,19.2
0,0,0,0,10,1,2,2,1,1,1,1,1,1,0,1,3,24.5,270.15
0,0,1,0,35,1,0,0,0,2,0,2,0,0,0,0,2,56.85,1861.1
0,0,0,0,40,1,0,0,2,2,0,0,2,0,0,0,3,65.1,2586.0
0,0,0,0,10,1,0,2,1,1,1,1,1,1,0,1,3,20.9,247.0
0,0,0,0,37,1,2,1,0,0,0,2,2,2,0,0,1,100.3,3541.4
1,1,1,0,54,0,1,0,0,0,0,0,0,0,0,1,0,24.95,1364.75
1,0,0,0,3,1,0,1,0,0,0,0,2,2,0,0,3,90.7,237.65
0,0,1,1,12,1,0,2,1,1,1,1,1,1,1,0,0,19.8,229.6
0,0,0,0,53,1,0,2,1,1,1,1,1,1,2,0,3,18.7,1005.7
0,1,1,0,71,1,0,1,0,2,2,0,2,2,2,1,2,99.2,7213.75
1,1,0,0,1,1,0,1,0,0,0,0,0,0,0,1,2,71.65,71.65
0,0,0,0,1,1,0,2,1,1,1,1,1,1,0,0,3,19.65,19.65
0,0,1,0,18,0,1,0,0,0,2,0,2,0,0,1,2,39.05,669.85
1,0,0,0,5,1,0,0,0,2,0,0,0,0,0,1,2,51.35,262.3
0,0,1,0,55,1,2,1,0,2,2,0,2,0,0,1,1,94.45,5073.1
0,0,1,1,72,1,2,2,1,1,1,1,1,1,2,1,0,24.05,1709.15
1,1,0,0,8,1,0,1,0,0,0,0,0,0,0,1,1,69.95,562.7
0,1,1,0,72,1,2,1,2,2,2,0,2,2,2,1,2,112.4,8046.85
0,0,1,1,32,1,0,0,2,2,2,2,0,2,2,0,3,73.6,2316.85
0,0,0,0,5,1,0,2,1,1,1,1,1,1,1,0,2,19.55,99.6
1,0,0,0,19,1,0,0,0,0,2,2,0,0,0,1,1,55.0,1046.5
0,0,0,0,4,1,2,2,1,1,1,1,1,1,2,1,1,25.3,116.95
1,0,1,0,12,1,0,2,1,1,1,1,1,1,1,0,0,19.8,202.25
0,0,0,1,31,1,0,2,1,1,1,1,1,1,1,0,1,20.1,589.25
1,0,0,0,66,1,2,1,0,2,0,2,2,2,1,1,2,104.25,6860.6
1,1,0,0,19,1,0,1,0,0,2,0,2,2,0,1,1,95.9,1777.9
1,0,0,0,15,1,0,2,1,1,1,1,1,1,0,0,3,19.75,311.6
0,1,0,0,59,1,2,1,0,2,0,0,0,0,2,1,1,79.2,4590.35
0,0,0,0,7,1,0,2,1,1,1,1,1,1,1,0,3,20.25,129.15
1,0,1,1,9,1,2,1,0,2,2,0,2,2,0,1,1,102.6,897.75
1,0,0,0,33,1,0,1,0,0,0,0,0,0,0,0,2,68.25,2171.15
0,1,1,0,30,1,2,1,0,2,0,0,2,0,0,1,2,90.05,2627.2
0,0,1,1,48,1,0,1,2,0,2,0,2,2,1,1,0,99.7,4977.2
1,1,1,0,59,0,1,0,0,2,0,0,2,2,0,1,2,50.25,2997.45
1,0,1,1,40,0,1,0,0,2,2,2,2,2,1,0,3,60.3,2448.5
1,0,1,0,35,1,0,0,2,2,2,0,0,0,0,0,3,61.0,2130.45
1,1,1,0,67,1,2,1,2,2,0,0,0,0,0,0,0,83.85,5588.8
1,0,0,0,47,1,2,1,2,2,0,0,2,0,1,0,0,94.8,4535.85
1,0,1,1,31,0,1,0,2,0,2,2,2,2,1,0,2,59.95,1848.8
0,1,1,0,66,1,2,1,0,2,0,0,2,2,0,1,2,100.8,6690.75
1,0,0,0,1,1,2,0,0,0,0,0,0,0,0,1,2,50.45,50.45
0,0,1,0,39,0,1,0,2,0,2,0,2,2,0,0,2,55.9,2184.35
1,1,0,0,16,1,0,1,0,0,0,0,0,2,0,1,2,78.75,1218.25
0,0,1,1,1,1,0,2,1,1,1,1,1,1,0,1,3,19.4,19.4
0,0,0,0,8,1,0,2,1,1,1,1,1,1,0,1,3,20.7,137.6
0,0,0,0,1,1,0,0,2,0,0,0,0,0,0,1,0,48.45,48.45
1,0,0,0,65,1,0,2,1,1,1,1,1,1,2,1,1,19.55,1218.65
0,0,1,0,72,1,2,1,2,2,2,2,2,2,2,1,0,113.65,8182.75
0,0,0,0,24,1,0,1,2,0,0,0,2,2,0,1,2,94.6,2283.15
1,0,1,0,24,1,2,1,0,0,0,0,2,2,0,1,2,93.0,2248.05
0,0,1,0,49,1,0,2,1,1,1,1,1,1,1,0,1,19.0,918.7
0,0,1,1,38,1,0,0,2,2,0,2,2,2,1,0,1,80.3,3058.65
0,0,1,1,62,1,0,2,1,1,1,1,1,1,2,0,0,20.3,1296.15
1,0,0,0,71,1,2,1,2,2,2,2,2,2,1,1,0,116.3,8309.55
0,0,1,1,72,1,2,1,2,2,0,0,2,0,2,1,2,95.1,6843.15
1,0,0,0,3,1,0,1,0,0,0,0,2,0,0,0,2,79.25,267.6
1,0,1,1,7,1,0,2,1,1,1,1,1,1,0,0,3,20.25,144.35
0,0,0,0,28,1,2,0,0,0,0,2,0,0,0,1,1,54.9,1505.15
1,0,1,0,46,1,2,1,0,2,2,0,2,0,1,1,2,94.65,4312.5
0,0,1,0,16,1,2,1,0,2,0,0,2,2,0,1,2,100.0,1534.75
0,0,1,0,53,1,0,1,0,0,0,2,2,2,1,1,2,93.45,4872.2
0,0,0,0,29,1,0,0,2,2,2,0,0,2,0,1,0,68.85,1970.5
0,1,0,0,5,0,1,0,0,2,0,0,0,0,0,0,2,28.45,131.05
1,0,0,0,67,1,2,0,2,2,2,2,2,2,1,1,0,88.8,5903.15
0,0,1,1,32,1,0,0,2,2,0,2,0,0,0,0,0,61.4,1864.65
0,0,0,0,20,1,0,2,1,1,1,1,1,1,1,1,1,19.35,433.75
1,0,0,0,4,1,0,0,0,2,0,2,2,0,0,1,0,63.75,226.2
0,1,1,0,37,1,0,2,1,1,1,1,1,1,1,0,3,19.6,727.8
0,0,0,0,22,1,0,2,1,1,1,1,1,1,0,1,3,20.05,470.2
0,0,0,0,20,1,2,1,2,0,0,0,2,0,0,1,0,89.1,1879.25
0,1,1,0,31,1,2,1,0,0,0,0,0,2,0,1,2,84.85,2633.4
1,1,0,0,14,1,2,1,0,0,0,0,2,2,0,1,2,95.6,1273.3
0,0,1,0,9,0,1,0,0,0,2,0,2,2,0,1,2,48.75,442.2
0,1,1,1,66,1,2,1,2,2,0,2,2,2,1,1,1,110.6,7210.85
0,0,0,0,29,1,2,1,0,0,0,0,0,0,0,1,2,74.2,1993.25
0,0,1,0,61,1,2,1,0,2,0,2,0,2,2,1,0,94.35,5703.0
1,0,1,1,67,1,2,0,2,0,2,0,2,2,2,1,2,79.7,5293.4
0,0,1,0,71,1,0,2,1,1,1,1,1,1,2,1,0,20.9,1493.2
0,1,1,0,70,1,2,1,2,0,0,0,0,2,0,1,2,90.85,6470.1
0,0,0,0,26,1,0,0,0,2,2,0,0,0,0,1,1,54.75,1406.9
0,1,0,0,13,1,2,1,0,0,0,0,0,2,0,1,2,82.0,1127.2
0,0,1,1,70,1,0,2,1,1,1,1,1,1,2,1,1,20.15,1411.2
0,0,0,0,2,1,0,1,0,2,0,0,2,0,0,1,0,87.15,183.75
0,0,1,0,72,1,2,1,0,2,2,2,2,2,1,1,0,108.5,8003.8
1,0,1,1,19,0,1,0,2,2,0,0,0,0,0,1,3,34.95,610.2
0,0,0,0,54,1,0,0,2,0,2,2,2,2,2,0,2,80.6,4299.95
1,0,0,0,5,0,1,0,0,0,0,0,0,0,0,0,3,24.3,100.2
0,0,0,1,1,1,0,1,0,0,0,0,0,0,0,1,2,69.65,69.65
0,1,1,1,68,0,1,0,0,2,2,0,2,2,2,1,2,53.0,3656.25
0,0,1,1,6,1,0,0,0,0,0,0,2,0,0,0,2,54.85,355.1
0,0,1,1,14,1,2,1,0,0,0,2,2,0,0,1,2,91.65,1301.0
0,0,1,1,9,1,0,2,1,1,1,1,1,1,1,0,3,20.25,172.35
1,0,1,1,12,1,0,2,1,1,1,1,1,1,0,0,3,20.5,255.5
1,0,0,0,45,1,2,1,2,0,2,2,2,2,0,1,1,108.45,4964.7
1,1,1,0,24,1,0,1,0,0,2,0,2,2,0,1,2,93.15,2231.05
0,0,0,0,3,1,2,1,0,0,0,0,0,0,0,0,2,76.1,257.6
0,0,1,0,72,1,2,0,2,0,2,2,2,2,2,1,1,84.4,6096.45
1,0,0,0,3,0,1,0,0,0,0,2,0,0,0,1,2,29.75,96.85
0,1,1,0,31,1,2,1,0,0,2,0,2,0,1,1,2,90.7,2835.5
0,0,0,0,7,1,0,2,1,1,1,1,1,1,0,0,3,19.3,144.95
1,1,0,0,24,1,2,1,0,2,0,0,2,2,0,1,2,101.25,2440.15
0,0,0,0,1,1,0,2,1,1,1,1,1,1,0,1,3,19.4,19.4
1,0,1,0,34,1,0,2,1,1,1,1,1,1,2,0,1,20.05,679.0
0,0,0,0,1,0,1,0,0,0,0,0,2,0,0,1,2,34.7,34.7
1,0,1,1,61,1,2,0,0,0,2,2,2,2,2,1,0,81.0,4976.15
0,0,0,0,4,1,0,0,0,0,0,0,0,0,0,1,3,45.3,196.95
0,0,0,1,4,1,0,2,1,1,1,1,1,1,0,0,1,20.4,94.5
1,0,1,1,56,1,2,1,0,0,2,2,2,2,2,1,2,103.2,5873.75
1,0,1,1,63,1,0,0,2,2,2,2,2,0,2,0,1,74.5,4674.55
0,0,0,1,12,1,2,1,0,0,0,0,2,0,0,1,2,84.05,966.55
0,0,0,0,18,1,0,2,1,1,1,1,1,1,0,0,3,19.65,391.7
0,1,0,0,56,1,2,1,2,2,2,0,2,2,1,0,2,110.5,6139.5
0,1,0,0,23,1,0,1,0,2,0,0,2,2,0,1,2,94.75,2293.6
1,0,1,1,71,1,2,2,1,1,1,1,1,1,2,0,1,25.35,1847.55
0,0,0,0,1,1,0,2,1,1,1,1,1,1,0,0,3,19.65,19.65
0,1,0,0,8,1,0,1,0,2,0,0,2,0,0,1,2,87.1,713.6
0,0,1,1,70,1,0,0,2,0,0,2,2,2,2,0,1,75.35,5437.75
0,1,0,0,32,1,0,1,0,0,0,0,2,2,0,0,2,90.95,2897.95
0,0,0,0,69,1,2,1,0,0,2,2,2,2,2,0,2,104.0,7028.5
0,0,0,0,47,1,2,0,2,0,2,2,0,0,2,1,3,65.0,2879.9
1,0,1,0,14,1,2,1,0,0,0,0,2,0,0,1,2,86.1,1235.55
0,0,0,0,11,1,0,2,1,1,1,1,1,1,0,0,0,20.3,246.3
0,0,1,0,16,0,1,0,0,0,0,2,2,2,0,1,2,49.95,810.2
1,1,1,0,72,1,2,0,2,2,2,0,2,2,2,1,1,84.1,5981.65
1,0,1,0,47,1,2,1,0,2,2,0,2,2,0,1,2,104.1,5135.15
0,0,1,0,33,1,0,0,0,0,0,2,0,0,1,1,3,51.45,1758.9
1,0,1,1,46,1,0,2,1,1,1,1,1,1,2,1,3,20.1,936.85
1,0,1,1,13,1,0,0,0,0,0,0,0,0,0,0,0,44.8,559.2
0,0,1,1,35,1,0,1,2,0,2,2,2,2,0,1,2,106.9,3756.45
0,0,1,0,8,1,0,2,1,1,1,1,1,1,0,0,0,20.15,156.25
0,0,1,0,5,1,2,0,0,0,2,2,2,0,0,0,0,67.95,350.3
1,1,1,0,56,1,0,0,2,2,2,2,2,2,2,1,0,85.65,4824.45
0,0,1,0,63,1,2,1,0,2,2,2,2,2,0,1,2,108.75,6871.7
1,0,0,0,9,1,2,1,0,0,0,0,0,0,0,1,2,75.85,724.65
0,0,1,1,65,1,2,1,0,2,2,2,2,2,2,1,1,110.8,7245.9
1,0,1,0,21,1,2,1,0,2,2,2,2,2,0,1,2,111.2,2317.1
0,0,0,0,43,1,0,1,0,2,2,0,2,0,0,1,2,91.65,3954.1
1,0,1,1,62,1,0,1,2,2,2,2,2,2,2,0,3,108.15,6825.65
1,0,0,0,53,1,0,0,0,0,2,0,0,2,1,1,2,61.1,3357.9
1,1,1,0,43,1,2,1,0,2,0,2,2,0,0,1,2,94.3,3953.15
0,1,1,0,48,1,0,1,0,0,0,0,0,0,0,1,0,70.65,3545.05
0,1,0,0,10,1,0,1,0,0,2,0,0,2,0,1,1,84.6,865.55
0,0,1,0,42,1,0,2,1,1,1,1,1,1,0,0,1,20.35,869.9
0,0,1,0,47,1,0,2,1,1,1,1,1,1,2,0,0,19.65,921.55
0,0,1,1,40,1,0,2,1,1,1,1,1,1,2,0,0,20.15,777.35
1,1,0,0,1,1,2,1,0,0,0,0,2,2,0,1,2,93.55,93.55
0,0,1,1,68,1,2,1,0,2,2,0,0,0,2,1,1,84.4,5746.75
0,0,1,1,56,1,2,0,2,2,2,2,2,0,2,0,1,81.25,4620.4
1,0,1,1,17,1,0,2,1,1,1,1,1,1,1,0,0,19.9,329.75
0,1,0,0,52,0,1,0,0,2,2,2,2,0,0,1,2,50.5,2566.3
1,1,1,0,72,1,2,1,0,2,2,2,2,2,2,1,0,111.65,8022.85
1,0,0,0,32,1,0,2,1,1,1,1,1,1,1,0,3,19.8,607.7
1,0,0,0,8,1,0,0,0,2,0,2,2,0,0,1,2,66.65,520.95
0,0,1,1,49,1,0,0,0,2,2,0,2,2,1,0,1,78.0,3824.2
1,0,0,0,2,1,0,2,1,1,1,1,1,1,0,0,3,20.75,44.2
1,0,0,1,33,1,0,2,1,1,1,1,1,1,1,1,3,20.15,682.15
1,1,0,0,29,1,0,1,0,2,2,0,2,2,0,1,0,101.45,2948.6
1,0,1,0,70,1,2,2,1,1,1,1,1,1,2,0,0,25.15,1940.85
1,0,1,1,48,1,0,0,0,2,2,0,0,0,1,1,1,55.8,2651.2
0,0,0,0,27,1,0,2,1,1,1,1,1,1,1,0,3,19.15,501.35
1,1,1,1,28,1,2,0,0,0,0,0,0,0,1,1,2,51.0,1381.8
1,0,0,0,21,1,2,1,0,0,0,0,0,2,0,1,2,84.1,1737.45
1,0,0,0,39,1,2,0,0,0,0,2,0,0,2,1,1,53.85,2200.7
1,0,1,0,10,1,0,1,0,2,0,2,2,2,0,1,2,99.85,990.9
1,0,0,0,21,1,0,0,2,0,2,0,2,0,0,0,0,65.35,1424.4
1,0,0,0,14,0,1,0,0,0,2,0,2,2,0,1,2,50.75,712.75
1,0,1,0,28,1,0,0,2,2,0,2,0,0,0,0,3,60.9,1785.65
0,0,0,0,43,1,2,1,2,2,2,2,2,2,2,0,1,115.05,4895.1
1,0,0,1,2,1,2,0,2,2,0,0,0,0,0,0,0,60.95,134.6
1,0,0,0,4,1,0,1,0,0,0,0,0,2,0,1,2,79.9,324.3
1,0,1,1,27,0,1,0,0,2,2,0,0,2,1,1,1,45.85,1246.4
0,0,0,0,1,1,0,2,1,1,1,1,1,1,0,0,3,19.5,19.5
0,0,0,0,72,1,2,1,2,2,2,2,2,2,2,1,0,116.45,8013.55
0,0,0,0,15,1,2,0,2,0,0,0,0,2,0,1,0,64.65,994.55
1,0,1,1,35,1,2,0,0,0,0,2,2,2,1,1,0,73.45,2661.1
1,0,1,1,27,1,2,1,0,2,0,2,0,0,0,1,1,85.2,2151.6
0,0,1,1,53,0,1,0,2,2,2,0,0,2,0,1,0,48.7,2495.2
0,0,1,1,37,1,0,0,2,2,0,0,2,2,1,0,0,75.1,2658.8
1,0,1,0,1,0,1,0,0,0,2,0,2,2,0,1,2,50.35,50.35
0,0,0,0,1,1,2,1,0,0,0,0,0,0,0,1,2,75.1,75.1
0,0,0,0,38,1,0,1,2,2,2,0,0,0,0,1,1,83.9,3233.6
0,0,0,0,1,1,2,1,0,2,0,0,2,2,0,1,1,100.25,100.25
1,0,0,0,72,1,2,1,0,2,2,2,2,2,2,0,0,109.2,7878.3
0,0,1,1,52,1,0,1,2,0,2,0,2,2,1,0,2,100.3,5244.45
1,0,1,1,11,1,0,1,0,0,0,0,2,0,0,1,0,79.5,868.5
0,1,0,0,62,1,2,1,0,0,0,0,2,0,1,0,2,84.45,4959.15
1,0,1,1,1,1,0,2,1,1,1,1,1,1,0,0,3,19.9,19.9
0,0,1,1,52,1,2,1,0,0,2,0,2,2,1,0,0,101.25,5301.1
1,0,1,1,40,1,2,1,2,2,0,2,2,2,0,1,1,110.1,4469.1
0,0,1,1,52,1,0,2,1,1,1,1,1,1,1,0,1,19.6,1012.4
1,0,1,0,67,1,2,1,0,2,2,0,2,2,1,0,2,104.1,7040.85
1,0,0,0,2,1,0,2,1,1,1,1,1,1,0,0,3,19.75,39.3
0,0,0,0,1,1,0,2,1,1,1,1,1,1,0,0,3,19.9,19.9
0,0,0,0,15,0,1,0,0,2,0,0,0,2,2,1,3,38.8,603.0
0,0,1,0,36,1,2,1,2,2,2,2,0,2,2,1,1,106.05,3834.4
0,0,0,0,38,1,0,1,0,2,2,2,0,0,0,1,1,84.25,3264.5
0,0,1,1,72,1,2,0,0,0,2,0,2,2,2,1,0,76.8,5468.45
1,0,0,0,2,1,0,1,0,2,0,0,0,0,0,1,2,74.75,144.8
1,0,0,0,17,1,0,2,1,1,1,1,1,1,2,0,1,19.45,369.05
0,1,1,0,54,1,2,1,0,2,0,0,2,2,1,1,1,101.5,5373.1
0,0,1,1,70,1,2,1,2,2,2,2,0,0,2,0,0,93.9,6579.05
1,0,1,1,28,0,1,0,0,2,2,2,2,2,1,1,1,60.0,1682.05
0,0,1,1,64,1,2,1,0,2,2,2,2,2,1,1,2,111.45,7266.95
1,0,0,0,1,1,0,0,0,0,0,0,0,0,0,1,3,45.55,45.55
0,0,0,0,1,0,1,0,0,0,0,0,0,0,0,0,3,25.2,25.2
0,0,1,1,30,1,0,0,2,0,0,2,0,2,0,0,0,66.3,1923.5
0,0,1,1,1,1,0,2,1,1,1,1,1,1,0,0,3,19.45,19.45
0,0,0,0,16,1,2,0,0,0,0,0,0,2,0,1,0,63.05,1067.05
1,0,0,0,2,1,0,2,1,1,1,1,1,1,0,0,3,20.05,33.7
0,0,0,0,48,1,2,1,0,0,2,2,2,2,0,1,2,103.85,4946.05
1,0,0,0,4,1,0,0,0,0,2,2,2,2,0,1,2,74.4,299.7
0,0,1,1,31,1,0,0,2,0,2,2,2,2,1,1,3,81.15,2545.75
1,0,0,0,62,1,2,1,2,2,2,0,0,0,0,0,0,90.7,5586.45
1,0,1,1,68,1,2,0,0,2,0,2,0,2,2,0,1,70.8,4859.95
0,0,1,0,59,1,2,1,0,0,2,2,2,0,0,0,2,93.35,5386.5
0,0,0,1,4,1,0,2,1,1,1,1,1,1,1,1,3,20.4,84.75
1,1,1,1,68,1,0,2,1,1,1,1,1,1,1,0,0,19.5,1193.55
0,0,1,0,50,1,2,1,2,2,0,2,2,2,0,1,0,109.65,5405.8
0,0,0,0,41,1,2,0,2,0,2,2,0,2,0,1,0,74.65,3090.65
0,0,0,0,13,0,1,0,0,2,0,0,0,0,0,1,2,31.65,389.95
1,0,1,1,15,1,2,0,0,0,2,2,0,0,0,1,0,59.65,867.1
1,0,0,0,68,0,1,0,0,0,2,0,0,2,0,1,0,39.9,2796.35
0,1,1,0,2,1,0,1,0,0,0,0,0,0,0,1,2,69.3,153.8
1,0,1,1,68,1,0,1,2,2,2,0,2,2,2,1,1,103.25,7074.4
0,0,1,1,63,1,0,2,1,1,1,1,1,1,2,0,2,19.35,1263.85
1,0,1,0,1,1,2,1,0,0,0,0,0,0,0,1,0,74.6,74.6
1,0,1,1,6,1,0,0,0,0,0,0,0,0,0,1,0,44.6,260.8
1,0,0,0,2,1,2,1,0,0,0,0,0,2,0,1,2,86.0,165.45
1,0,0,0,44,1,0,2,1,1,1,1,1,1,2,0,3,20.05,845.25
0,0,1,0,61,1,2,1,0,0,0,2,2,2,1,0,0,101.15,6383.9
0,0,0,0,1,1,0,1,0,0,0,0,0,0,0,1,2,69.6,69.6
0,0,0,0,1,1,0,1,0,2,0,0,0,0,0,1,2,74.7,74.7
0,1,0,0,11,1,0,1,0,0,0,0,2,2,0,0,0,89.7,1047.7
0,1,1,0,14,1,2,1,0,2,0,0,2,2,0,1,2,100.2,1369.8
0,0,1,0,28,1,2,1,0,0,2,2,2,2,0,1,2,104.8,3046.05
0,0,1,1,62,1,0,1,0,2,2,0,2,2,0,1,2,100.15,6283.3
0,0,0,0,1,1,2,0,0,0,0,0,0,2,0,1,2,60.15,60.15
0,0,0,0,3,1,2,1,0,0,0,0,0,0,0,1,2,74.95,212.4
1,1,1,0,41,0,1,0,0,2,2,0,2,2,0,1,2,53.95,2215.4
0,1,0,0,56,1,2,1,0,2,2,0,2,2,0,0,2,104.75,5841.35
0,1,1,0,42,1,2,1,0,2,2,0,2,0,0,1,2,95.55,3930.6
0,1,0,0,56,1,2,1,0,2,2,2,2,0,2,1,0,99.9,5706.3
0,0,1,0,26,1,0,0,0,2,2,2,2,2,0,0,0,81.9,2078.55
0,0,1,0,62,1,2,1,2,2,2,2,2,2,2,0,3,113.95,6891.4
0,0,0,0,6,1,0,1,0,0,2,2,0,2,0,1,2,89.25,487.05
1,0,0,0,28,1,0,1,0,0,2,2,0,2,0,0,2,91.0,2626.15
0,1,0,0,1,1,0,1,0,0,0,0,0,0,0,1,2,69.6,69.6
1,0,1,1,1,1,0,1,0,2,0,0,0,0,0,0,1,74.6,74.6
0,0,0,0,41,1,0,2,1,1,1,1,1,1,2,0,3,20.65,835.15
0,0,1,0,67,1,0,2,1,1,1,1,1,1,1,1,0,20.85,1327.4
1,0,1,0,56,0,1,0,0,0,2,2,2,2,1,1,0,54.05,2959.8
0,0,0,0,63,1,2,0,2,2,2,2,2,0,2,1,1,79.85,4861.45
1,0,1,1,55,1,0,2,1,1,1,1,1,1,1,0,3,19.5,1026.35
1,0,0,1,1,1,0,0,0,0,0,0,0,0,0,0,2,44.0,44.0
1,0,0,1,21,1,0,0,0,0,0,0,0,0,0,0,3,45.65,985.05
0,0,1,1,67,1,2,1,0,2,2,2,2,2,1,1,1,112.35,7388.45
1,1,0,0,51,1,0,1,0,0,2,0,2,2,1,1,0,94.0,4905.75
0,1,0,0,6,1,0,1,0,0,2,0,0,0,0,0,2,74.4,434.1
0,0,0,0,9,1,0,0,0,0,0,0,0,0,0,1,2,43.75,405.7
1,0,1,1,10,1,0,2,1,1,1,1,1,1,0,1,1,20.05,218.5
0,0,1,0,43,1,2,0,0,0,0,2,2,0,1,1,0,64.85,2908.2
0,0,1,1,67,1,2,1,2,0,0,2,2,2,2,0,1,106.7,7009.5
0,0,0,0,27,1,2,1,0,0,0,0,2,2,0,1,0,95.6,2595.25
1,0,0,1,24,0,1,0,2,0,0,2,0,0,2,0,3,35.75,830.8
1,1,0,0,20,1,0,1,0,0,0,0,0,0,0,0,1,71.3,1389.2
0,1,0,0,41,1,2,1,0,2,2,0,2,2,0,1,2,104.4,4133.95
0,0,1,1,19,1,0,2,1,1,1,1,1,1,2,0,3,20.15,387.7
0,0,0,0,60,0,1,0,2,0,2,0,2,2,2,0,2,53.6,3237.05
0,0,1,0,36,1,0,1,0,0,0,0,0,2,0,0,2,80.4,2937.65
0,0,0,0,3,1,0,0,0,0,0,0,2,0,0,1,2,54.2,140.4
0,0,0,0,6,1,0,2,1,1,1,1,1,1,0,0,3,20.2,123.65
0,0,0,0,10,1,0,2,1,1,1,1,1,1,0,1,3,20.55,187.35
0,1,1,0,72,1,2,1,2,2,2,2,0,0,2,1,0,96.6,6827.5
1,0,1,0,11,1,0,0,0,0,0,0,0,0,0,1,0,45.9,521.9
1,0,1,1,54,1,2,0,0,2,0,2,2,0,1,1,2,70.7,3770.0
0,0,1,0,64,1,2,0,0,0,2,2,0,0,1,0,0,58.35,3756.45
0,0,1,1,61,0,1,0,0,2,2,2,2,2,2,1,0,61.45,3751.15
1,0,1,0,71,1,2,0,2,2,2,2,0,2,2,0,1,80.4,5727.15
0,0,0,0,8,1,0,1,2,0,0,0,2,0,0,0,2,84.95,668.4
1,0,1,0,17,1,0,1,0,0,2,0,2,2,1,1,0,96.65,1588.25
0,0,1,1,16,1,0,0,2,2,0,2,0,2,2,0,0,68.25,1114.85
0,0,1,1,22,1,0,0,2,2,2,0,0,0,0,0,3,61.15,1422.05
1,0,0,1,21,1,2,1,2,0,0,0,0,0,0,0,2,80.35,1747.2
1,0,1,1,62,1,0,1,2,2,0,0,0,0,1,1,1,81.45,4983.05
1,0,0,0,18,1,0,0,0,0,2,2,0,0,0,0,1,55.2,1058.1
1,0,0,0,7,1,2,1,0,2,0,0,2,2,0,1,2,99.8,673.25
0,0,0,0,38,1,0,2,1,1,1,1,1,1,1,0,3,19.3,755.5
0,0,1,1,16,1,0,1,2,0,2,0,2,2,0,0,0,100.7,1522.7
1,0,1,1,1,1,0,1,0,0,0,0,0,0,0,1,3,70.65,70.65
1,0,1,1,64,1,2,2,1,1,1,1,1,1,2,1,3,24.8,1514.85
1,0,1,1,64,1,0,0,2,0,2,2,2,0,2,0,3,69.25,4447.75
1,0,0,0,1,1,0,0,2,0,0,0,0,0,0,0,2,47.95,47.95
0,0,0,0,5,0,1,0,0,0,2,0,0,2,0,0,2,39.5,210.75
0,0,1,1,66,1,0,0,2,0,0,0,2,0,2,1,2,59.75,3996.8
1,0,1,1,49,1,0,1,0,2,2,0,2,0,0,1,1,90.4,4494.65
0,0,0,0,9,1,0,2,1,1,1,1,1,1,0,1,2,19.5,178.85
1,0,0,0,51,1,2,1,0,2,0,0,0,0,0,0,0,81.0,4085.75
1,0,1,1,72,1,2,0,2,2,2,2,0,0,2,0,0,69.85,5102.35
1,0,0,0,26,1,2,1,0,0,0,2,0,0,0,1,2,80.5,2088.8
0,0,1,0,61,1,2,1,0,0,2,2,2,2,1,1,0,103.3,6518.35
1,1,1,0,51,1,2,1,2,0,2,0,2,0,0,1,0,93.8,4750.95
0,1,0,0,60,1,2,1,2,0,0,0,2,2,1,1,0,101.4,6176.6
1,0,1,0,60,1,0,2,1,1,1,1,1,1,2,0,3,19.95,1258.15
0,0,1,1,34,1,0,0,2,2,2,0,0,0,1,1,3,60.8,2042.05
0,0,0,0,52,1,0,0,2,0,2,2,0,0,1,0,1,57.95,3042.25
0,0,1,0,54,1,2,1,0,2,2,2,2,2,1,0,2,110.35,5893.15
1,0,0,0,10,1,0,0,0,0,0,0,0,0,0,0,3,46.0,492.1
0,0,0,0,52,1,2,0,2,0,2,2,2,0,1,0,1,74.0,3877.65
1,0,1,1,40,1,2,1,0,0,2,0,0,0,0,1,2,81.2,3292.3
1,0,0,0,5,0,1,0,0,2,0,0,2,2,0,1,3,51.0,305.95
1,0,0,0,3,1,2,0,0,0,0,0,0,0,0,0,0,50.4,137.25
1,0,0,0,52,0,1,0,2,2,2,2,2,2,2,0,1,63.9,3334.95
1,0,1,1,45,1,2,1,0,2,2,0,0,2,0,1,0,95.95,4456.65
0,0,0,0,2,1,0,1,0,0,0,0,0,0,0,1,2,70.7,151.65
1,0,0,0,27,1,0,0,2,0,2,2,2,2,1,0,2,81.7,2212.55
1,1,0,0,8,1,0,1,2,0,0,2,2,2,0,0,1,100.3,832.35
0,0,0,0,2,1,0,2,1,1,1,1,1,1,0,1,3,20.0,40.9
0,0,0,0,2,1,2,1,0,2,0,0,0,0,0,0,2,79.55,151.75
0,0,1,0,47,1,0,1,0,0,2,0,0,2,0,1,2,85.3,4045.65
1,0,0,0,16,1,0,2,1,1,1,1,1,1,2,0,3,19.75,284.35
0,0,1,0,69,1,0,0,0,2,0,0,0,2,2,1,1,61.45,4131.2
0,0,1,1,64,1,0,2,1,1,1,1,1,1,1,0,0,19.8,1336.65
0,0,0,0,22,1,0,0,2,0,0,0,0,0,0,1,1,48.8,1054.6
1,0,1,1,29,1,2,1,0,0,2,0,0,2,0,1,2,89.2,2698.35
0,0,0,0,3,1,0,1,2,2,0,0,0,0,0,1,2,79.1,246.5
0,0,0,1,2,1,0,2,1,1,1,1,1,1,1,0,0,20.5,38.25
0,0,0,0,35,1,2,1,0,0,0,2,0,0,0,0,1,80.05,2835.9
0,0,0,0,11,1,2,1,0,0,2,0,2,2,0,1,0,97.85,1105.4
1,0,1,0,53,0,1,0,0,2,2,2,2,2,1,1,2,60.45,3184.25
1,0,0,0,45,1,0,1,2,2,2,2,2,2,1,0,1,112.2,5031.85
1,0,0,0,14,0,1,0,0,2,0,0,0,0,0,1,3,31.1,419.7
1,0,0,0,3,0,1,0,2,0,2,2,0,0,0,0,3,41.35,107.25
1,0,1,0,18,1,2,1,0,0,0,0,0,0,0,1,2,73.15,1305.95
0,0,0,0,1,1,0,0,0,0,0,0,0,0,0,0,3,43.95,43.95
1,0,1,0,24,1,0,1,2,0,0,2,0,2,0,1,2,89.25,2210.2
0,1,0,0,32,1,0,1,0,0,0,0,0,2,0,1,2,79.5,2665.0
0,0,1,0,2,1,0,1,0,0,0,0,0,0,0,1,1,70.4,154.8
1,0,0,0,68,1,2,1,2,2,2,0,0,2,2,1,0,102.1,7149.35
1,0,0,0,52,1,0,0,2,0,2,0,0,0,1,0,2,53.75,2790.65
0,0,0,0,13,1,2,1,0,2,2,0,0,0,0,1,2,84.45,1058.6
1,0,0,0,21,0,1,0,0,2,0,2,0,0,0,1,3,36.0,780.15
0,0,1,1,69,1,2,1,0,2,2,0,2,2,0,1,2,103.95,7446.9
0,0,1,1,63,1,0,2,1,1,1,1,1,1,2,0,1,20.0,1209.25
0,0,1,1,65,1,2,2,1,1,1,1,1,1,2,1,0,25.3,1748.55
0,0,0,0,37,1,0,0,0,0,0,0,2,2,0,1,2,64.75,2345.2
1,1,1,0,15,1,2,1,0,0,0,0,0,2,0,1,0,85.6,1345.55
0,0,0,1,19,1,0,0,0,0,0,2,0,0,0,0,3,48.8,953.65
1,0,1,1,30,1,2,0,2,2,2,2,0,0,0,0,2,67.6,2000.2
0,0,0,0,29,1,2,1,0,0,2,0,2,2,0,1,1,98.6,2933.2
0,0,1,1,4,1,2,0,0,2,0,2,0,0,0,1,3,58.5,224.85
1,0,1,0,67,1,0,0,2,2,0,2,0,2,2,1,1,69.2,4671.65
1,0,1,1,38,1,2,2,1,1,1,1,1,1,2,0,1,25.05,963.95
0,0,0,0,7,1,2,0,0,0,0,2,2,2,0,1,2,74.65,521.1
1,0,1,0,8,1,0,1,2,0,0,0,0,0,0,1,3,75.0,658.1
1,0,0,0,12,1,2,1,0,0,0,0,2,2,0,0,2,94.55,1173.55
1,0,0,0,7,1,0,2,1,1,1,1,1,1,1,0,3,19.5,128.6
1,0,1,1,65,1,2,0,2,2,0,0,0,2,2,1,3,69.55,4459.15
0,0,0,0,16,1,0,2,1,1,1,1,1,1,1,0,1,19.35,295.55
1,0,1,0,40,1,2,1,0,2,0,0,2,2,0,1,2,101.3,4113.1
0,0,1,1,72,1,2,1,2,2,2,0,2,2,2,0,1,109.7,8129.3
1,0,0,0,30,1,2,1,0,0,0,2,0,2,0,1,1,89.9,2723.15
0,0,1,1,72,1,2,1,2,2,0,2,0,0,2,1,0,90.35,6563.4
0,1,0,0,2,1,0,0,2,2,0,0,0,0,0,0,3,54.85,104.2
1,0,1,1,72,1,2,0,2,2,2,2,2,2,2,0,1,89.7,6339.3
0,0,0,0,41,1,2,0,0,2,2,0,2,2,1,1,2,80.55,3263.9
0,0,0,0,2,1,0,0,0,2,0,0,0,0,0,1,3,49.6,114.7
1,0,0,0,8,1,2,1,0,2,2,0,2,0,0,1,2,94.0,773.65
1,0,0,0,41,1,2,1,0,2,0,0,2,0,0,1,2,89.2,3645.75
1,0,1,1,25,1,2,2,1,1,1,1,1,1,0,1,0,25.4,546.85
0,0,1,0,60,0,1,0,2,2,2,0,0,2,1,0,2,50.05,2911.5
1,1,1,0,23,1,0,1,0,0,0,0,2,2,0,1,2,90.45,2117.25
1,0,0,0,35,1,2,1,2,0,2,2,2,2,2,1,2,108.95,4025.5
0,0,1,0,68,1,2,1,0,2,2,0,0,0,1,0,1,86.45,5762.95
0,0,0,0,14,1,0,0,2,0,0,0,0,0,0,0,0,50.1,709.5
0,0,1,0,45,1,0,1,0,0,0,2,2,2,2,1,1,95.2,4285.8
1,0,0,0,3,1,0,2,1,1,1,1,1,1,1,0,3,21.2,52.05
0,0,1,1,31,1,2,1,0,0,2,2,2,2,0,1,2,104.2,3243.45
0,0,1,1,61,1,0,2,1,1,1,1,1,1,0,1,3,19.4,1182.55
0,0,1,1,19,1,2,2,1,1,1,1,1,1,2,0,3,25.6,485.9
1,0,0,1,1,0,1,0,0,0,0,0,0,0,0,1,2,24.7,24.7
0,1,1,1,70,1,2,1,0,2,2,2,2,2,1,1,2,107.9,7475.85
1,1,0,0,45,1,0,0,2,0,2,0,0,2,1,0,1,62.7,2791.5
0,0,1,1,66,1,2,1,0,0,0,0,0,0,1,1,0,74.25,4859.25
1,0,1,1,71,1,2,2,1,1,1,1,1,1,2,0,1,23.9,1626.4
0,0,0,0,22,1,0,1,0,2,0,0,0,2,0,1,3,84.3,1855.65
0,0,1,1,28,1,0,2,1,1,1,1,1,1,1,0,3,19.9,543.0
0,0,1,1,71,1,2,2,1,1,1,1,1,1,2,0,0,25.45,1813.35
0,0,1,1,59,1,2,0,2,0,2,2,2,0,2,1,3,76.45,4519.5
1,1,0,0,38,1,0,0,0,2,2,2,2,0,1,1,1,70.15,2497.35
1,0,1,1,55,1,2,1,0,0,2,0,2,0,0,1,1,90.4,5099.15
1,0,0,0,50,1,0,1,2,2,2,2,0,0,1,1,1,90.1,4549.45
1,0,1,1,58,1,2,1,0,2,0,2,2,0,1,1,1,94.7,5430.35
1,0,0,0,18,0,1,0,2,0,2,0,0,0,0,0,3,33.6,550.35
1,0,1,0,51,1,2,1,0,2,0,0,0,2,1,1,1,90.35,4614.55
1,0,1,1,71,1,2,0,2,2,2,2,2,2,2,0,2,90.35,6325.25
1,0,1,1,58,1,0,2,1,1,1,1,1,1,1,1,2,19.55,1108.8
1,0,1,0,51,1,2,1,0,0,0,0,2,2,0,1,2,94.65,4812.75
1,0,1,1,23,1,0,1,0,2,2,2,0,0,1,0,3,86.8,1940.8
1,1,1,0,32,1,2,1,0,0,2,2,2,2,0,1,2,104.9,3351.55
0,0,1,1,40,0,1,0,0,2,0,0,2,2,0,1,2,50.85,2036.55
0,0,1,0,2,1,0,1,2,2,0,0,2,0,0,0,2,90.35,190.5
0,0,0,0,38,1,0,1,0,0,0,0,2,2,1,1,3,89.1,3342.0
1,0,1,1,34,0,1,0,0,0,2,2,2,0,0,1,2,44.85,1442.6
1,0,0,0,7,1,0,0,0,0,0,0,2,0,0,0,3,54.85,370.4
1,1,0,0,67,1,2,1,0,0,0,0,0,0,0,1,3,75.7,5060.85
1,0,1,0,72,1,2,1,0,2,2,0,2,2,2,1,0,104.8,7470.1
0,1,0,0,20,1,0,1,0,0,0,0,0,2,0,1,2,81.45,1671.6
1,0,0,0,46,1,2,1,2,2,0,0,0,2,0,1,2,93.7,4154.8
0,0,1,1,47,1,0,2,1,1,1,1,1,1,2,0,1,20.25,873.4
1,0,1,0,72,0,1,0,2,2,2,2,2,2,2,1,2,64.7,4746.05
0,1,0,0,1,1,2,1,0,0,0,0,0,0,0,1,2,72.1,72.1
1,0,1,1,12,0,1,0,0,2,0,2,0,0,0,0,3,35.5,432.25
1,0,0,1,1,0,1,0,0,2,0,2,0,0,0,0,3,33.6,33.6
1,0,1,0,72,1,2,1,0,2,2,2,2,2,2,1,1,109.75,7758.9
0,0,1,0,61,1,0,2,1,1,1,1,1,1,2,0,1,20.25,1278.8
0,0,0,1,51,0,1,0,2,0,2,2,2,2,1,0,0,60.15,3077.0
0,1,1,0,3,1,0,1,0,0,0,2,2,0,0,1,3,83.9,267.4
0,0,0,0,42,1,0,0,2,2,2,0,0,0,0,0,0,59.65,2536.55
0,0,1,1,34,1,2,2,1,1,1,1,1,1,2,0,1,24.95,894.3
1,0,1,1,8,1,0,1,0,0,2,0,2,2,0,1,2,94.75,759.55
0,1,0,0,18,1,0,1,0,2,0,0,0,0,0,1,2,74.7,1294.6
1,1,1,0,3,0,1,0,0,0,0,0,2,0,0,1,3,36.45,93.7
1,1,1,0,57,1,2,0,0,2,2,0,2,0,1,1,1,71.1,4140.1
0,0,0,0,2,1,2,1,0,0,0,0,0,0,0,1,2,75.9,143.35
1,0,1,1,60,1,0,2,1,1,1,1,1,1,2,0,1,19.65,1161.75
1,0,1,0,69,0,1,0,2,0,2,2,2,2,2,0,0,60.25,4055.5
0,0,1,0,56,1,2,1,2,2,2,0,2,2,1,0,0,109.8,6109.65
1,1,0,0,16,0,1,0,0,2,0,0,2,0,0,1,3,39.0,679.85
0,1,1,0,55,1,0,1,0,0,2,2,2,0,2,0,1,88.8,4805.3
1,0,0,0,25,1,0,1,0,0,0,0,0,0,0,0,3,70.95,1767.35
0,0,0,0,1,1,0,0,0,0,0,0,0,0,0,0,2,45.15,45.15
0,0,1,1,57,1,0,0,2,2,0,0,0,0,1,0,2,53.45,3053.0
1,1,1,0,71,1,2,2,1,1,1,1,1,1,2,0,0,23.95,1756.2
1,0,0,0,21,1,2,1,0,2,0,0,0,0,0,1,2,82.35,1852.85
1,1,1,0,20,1,2,1,0,0,0,0,2,2,0,1,2,94.55,1899.65
1,0,1,0,59,0,1,0,0,2,0,0,0,2,0,1,0,41.05,2452.7
1,0,0,0,46,1,0,2,1,1,1,1,1,1,2,0,1,19.2,908.15
0,0,1,1,10,1,0,0,0,2,0,2,0,2,0,1,2,65.5,616.9
0,0,1,1,15,1,0,2,1,1,1,1,1,1,1,0,1,20.35,335.95
1,0,0,0,12,1,2,1,0,0,0,0,2,0,0,1,2,84.45,1059.55
1,0,0,1,1,0,1,0,0,0,0,0,0,0,0,1,2,25.3,25.3
1,0,0,0,1,1,2,1,0,0,0,0,0,0,0,1,2,74.9,74.9
1,0,0,1,3,1,0,0,0,0,0,0,2,0,0,1,1,54.7,169.45
1,0,1,0,10,1,0,0,2,0,0,2,0,0,0,1,1,54.95,568.85
1,0,0,0,1,1,0,2,1,1,1,1,1,1,0,0,3,20.05,20.05
0,0,0,0,1,1,0,1,0,0,0,0,0,0,0,1,2,70.85,70.85
0,0,0,0,33,1,0,1,0,0,0,0,0,0,0,1,0,70.4,2406.1
0,0,0,0,3,1,0,2,1,1,1,1,1,1,0,0,3,20.4,63.15
0,0,0,0,31,1,0,2,1,1,1,1,1,1,1,0,3,20.95,683.25
0,0,1,1,37,1,2,2,1,1,1,1,1,1,0,0,3,26.45,911.6
0,1,0,0,60,1,2,1,0,0,2,2,2,2,1,1,2,106.0,6441.4
0,1,0,0,46,1,2,1,0,2,2,0,2,2,0,1,2,104.45,4863.85
1,0,0,0,19,1,0,1,0,2,2,0,0,0,0,1,2,78.25,1490.95
0,0,0,0,28,0,1,0,0,0,2,2,0,0,0,1,3,35.75,961.4
0,0,1,1,9,1,0,0,0,2,0,2,2,0,1,1,3,65.6,593.3
1,0,1,0,49,1,0,1,0,2,0,0,2,2,2,1,2,94.8,4690.65
1,0,0,0,45,1,2,1,0,0,2,2,2,2,0,1,0,103.65,4747.85
0,1,0,0,17,1,0,1,0,2,2,0,2,0,0,1,2,89.15,1496.9
1,0,1,0,66,1,2,1,2,0,2,0,2,2,2,1,1,106.05,6981.35
1,1,0,0,21,1,0,0,0,0,2,0,2,0,0,1,0,60.05,1236.15
0,1,1,0,60,1,2,1,0,0,2,0,2,2,1,1,1,100.5,6029.0
0,0,0,0,70,1,2,2,1,1,1,1,1,1,1,0,1,26.05,1856.4
0,0,0,0,72,1,0,2,1,1,1,1,1,1,2,0,1,20.25,1566.9
0,0,1,0,54,1,0,2,1,1,1,1,1,1,2,0,1,20.05,1102.4
1,0,0,0,11,1,0,2,1,1,1,1,1,1,0,0,3,20.35,215.25
1,0,0,0,51,1,0,1,0,2,2,0,2,2,0,1,2,99.0,5038.15
0,0,1,0,1,1,0,0,0,0,0,0,2,0,0,0,3,55.2,55.2
1,0,0,0,1,1,0,0,0,0,0,0,0,0,0,0,2,45.3,45.3
0,1,0,0,67,1,2,0,0,2,0,0,0,0,0,0,2,54.9,3725.5
1,0,1,1,5,1,0,2,1,1,1,1,1,1,1,0,2,20.55,99.45
1,0,1,0,22,1,0,1,0,0,2,0,2,2,0,1,1,94.7,1914.9
0,0,1,0,27,1,2,1,0,0,2,0,0,2,0,0,0,90.15,2423.4
0,0,1,0,3,1,0,2,1,1,1,1,1,1,0,1,3,19.9,45.75
0,1,0,0,66,1,2,1,0,0,2,2,2,2,1,1,1,102.85,6976.75
0,0,0,0,24,1,0,0,2,0,0,2,0,0,0,0,1,56.35,1381.2
1,0,0,1,27,1,0,0,2,2,0,0,0,0,1,0,3,56.2,1567.55
0,0,0,0,1,1,2,1,0,0,0,0,0,0,0,1,3,75.05,75.05
0,0,1,0,46,1,2,0,2,0,0,0,0,0,0,0,0,55.0,2473.95
0,0,1,0,68,1,2,1,2,2,2,2,2,2,2,0,3,118.6,7990.05
0,0,0,0,14,1,0,0,2,0,0,2,0,0,1,0,3,55.7,795.15
1,0,0,1,27,1,2,2,1,1,1,1,1,1,2,1,1,25.85,788.55
0,0,0,0,1,1,0,2,1,1,1,1,1,1,0,0,3,19.9,19.9
1,0,1,1,42,1,0,2,1,1,1,1,1,1,2,0,3,20.7,828.85
1,0,0,0,59,1,0,0,0,0,2,2,2,0,0,1,2,64.65,3735.45
1,1,1,1,60,1,2,1,2,0,0,0,0,0,0,1,2,80.95,4859.1
1,1,1,0,59,0,1,0,2,0,2,2,2,2,2,1,1,64.05,3886.85
1,0,1,1,24,1,2,0,2,0,0,0,0,0,0,0,2,54.75,1338.15
1,0,1,0,24,1,0,0,2,0,0,2,0,0,0,0,3,53.6,1315.35
0,1,0,0,28,1,2,1,0,2,2,0,2,2,0,1,2,106.15,3152.5
1,1,1,1,10,0,1,0,0,0,0,0,0,2,0,1,0,34.55,362.6
0,0,1,0,13,1,2,0,2,2,0,2,2,0,0,1,2,76.2,981.45
0,0,0,0,63,1,0,2,1,1,1,1,1,1,2,1,3,20.6,1298.7
1,0,0,0,3,1,2,1,0,0,2,0,2,2,0,1,0,101.55,298.35
1,0,0,0,49,1,2,1,0,2,2,0,2,2,0,1,0,103.7,5036.3
0,0,1,1,27,1,0,2,1,1,1,1,1,1,1,1,3,20.55,583.3
1,0,1,1,5,1,2,0,2,2,0,2,0,0,0,0,1,64.4,316.9
1,0,0,0,18,1,0,2,1,1,1,1,1,1,0,0,3,20.05,358.5
0,0,0,1,3,1,0,2,1,1,1,1,1,1,1,1,1,20.55,57.4
0,0,0,0,46,1,0,1,0,0,2,0,0,0,0,1,1,74.8,3548.3
0,0,1,1,71,1,0,0,2,2,2,2,0,0,2,0,1,64.05,4492.9
1,0,0,0,1,1,0,0,0,0,0,0,0,0,0,0,3,45.6,45.6
1,1,1,0,50,1,2,1,2,2,2,0,2,0,1,1,0,101.9,5265.5
1,0,0,0,31,1,0,1,0,2,0,2,0,0,0,1,2,78.45,2435.15
1,0,1,0,70,1,0,0,2,2,0,2,0,2,2,0,3,67.95,4664.15
0,0,0,0,55,1,0,0,0,2,2,0,0,2,2,1,3,64.75,3617.1
0,0,0,0,17,1,2,1,2,2,0,0,2,0,0,1,2,94.4,1617.5
1,1,0,0,5,1,2,1,0,2,0,0,0,2,0,1,2,89.8,502.6
1,0,0,0,22,1,2,1,0,0,0,0,2,2,0,1,1,94.65,2104.55
0,0,0,0,6,1,2,1,0,0,0,0,2,2,0,1,0,93.55,536.4
0,0,0,0,9,1,2,1,0,0,0,0,0,2,0,1,2,83.3,803.3
0,0,0,0,36,1,0,0,2,2,2,2,0,2,1,1,3,75.55,2680.15
1,0,1,1,1,1,0,2,1,1,1,1,1,1,0,0,2,19.75,19.75
1,0,0,0,2,1,0,1,0,0,2,0,2,2,0,1,2,95.85,197.7
0,0,0,0,9,1,0,1,0,0,0,0,2,2,0,1,0,90.8,809.75
0,0,0,0,6,1,0,0,0,0,0,2,0,0,0,1,0,50.8,288.05
0,0,1,1,69,1,2,0,2,0,0,2,0,0,2,0,1,61.4,4059.85
0,0,1,1,54,1,0,2,1,1,1,1,1,1,2,1,0,20.35,1092.35
1,1,1,0,44,0,1,0,0,2,0,0,0,0,0,1,2,30.35,1359.7
1,0,1,1,23,1,0,0,2,0,0,2,0,0,1,0,1,57.2,1423.35
0,0,0,0,27,1,0,2,1,1,1,1,1,1,2,1,3,19.6,561.15
0,0,0,0,2,1,0,1,2,2,0,2,0,0,0,1,2,86.25,181.65
0,0,0,0,2,1,0,0,2,0,0,0,2,2,0,1,2,70.75,146.9
1,0,0,0,26,1,0,0,0,0,0,2,2,0,1,0,1,59.45,1507.0
0,0,1,1,1,0,1,0,0,0,0,2,2,0,0,0,2,40.1,40.1
1,0,1,1,4,1,0,2,1,1,1,1,1,1,0,1,3,20.5,77.6
1,0,0,0,27,1,2,0,0,0,0,0,0,0,0,0,3,49.0,1291.35
0,0,0,0,50,1,0,1,0,2,0,2,2,2,2,1,3,100.2,5038.45
1,0,0,0,35,1,0,2,1,1,1,1,1,1,1,1,3,19.15,638.0
1,0,1,1,66,1,2,0,2,0,2,2,2,2,2,1,3,84.0,5714.25
0,0,1,1,63,1,0,0,2,2,2,2,0,0,2,0,3,63.55,4014.2
1,0,1,0,17,0,1,0,0,0,2,2,2,2,1,0,2,54.6,934.8
0,0,1,1,71,1,2,0,2,2,2,2,0,0,2,0,3,71.1,5224.95
1,0,1,1,1,1,0,2,1,1,1,1,1,1,0,0,0,19.95,19.95
1,0,1,1,54,1,2,1,0,2,0,2,2,2,1,1,2,105.2,5637.85
0,0,1,1,16,1,2,1,2,0,2,2,2,2,0,1,2,112.95,1882.55
0,0,0,0,29,1,2,2,1,1,1,1,1,1,0,0,2,25.15,702.0
0,0,0,1,5,1,0,0,0,0,0,2,0,0,0,1,3,51.0,286.8
1,1,1,1,26,1,2,1,0,2,2,0,2,2,0,0,2,105.75,2710.25
1,0,0,0,41,1,0,1,0,2,0,2,2,2,2,1,1,99.65,4220.35
0,0,1,0,69,1,2,1,0,0,2,2,2,2,2,0,0,105.35,7240.65
0,0,1,1,18,1,2,2,1,1,1,1,1,1,2,0,3,25.1,428.45
0,0,0,0,43,1,2,2,1,1,1,1,1,1,2,1,1,25.7,1188.2
0,1,0,0,71,1,2,1,0,2,0,0,2,2,0,1,1,99.65,6951.15
0,1,1,0,2,1,2,1,0,0,2,0,0,0,0,0,2,79.2,172.85
1,1,1,0,1,1,2,1,0,0,0,0,0,0,0,0,2,74.3,74.3
0,0,0,0,31,1,2,1,0,0,2,0,0,2,0,1,2,89.9,2806.9
0,0,1,0,56,1,0,1,2,0,2,0,0,0,2,0,0,80.3,4513.65
0,1,0,0,1,1,2,1,0,0,0,0,0,0,0,1,2,74.2,74.2
0,0,1,1,69,1,2,2,1,1,1,1,1,1,2,1,0,25.6,1673.4
1,0,1,0,50,1,2,1,2,2,0,0,0,2,0,1,1,94.4,4914.9
0,1,0,0,18,1,2,1,0,2,0,2,2,2,0,1,1,103.6,1806.35
0,0,0,0,3,1,0,1,0,2,0,2,2,2,0,1,2,97.9,315.3
0,0,0,0,11,1,0,0,0,0,2,2,0,0,1,0,0,53.8,651.55
0,0,1,1,37,1,2,1,0,2,0,0,2,0,0,1,2,88.8,3340.55
0,0,0,0,67,0,1,0,0,0,2,2,2,2,0,1,1,53.4,3579.15
1,0,1,0,66,1,2,0,2,2,2,0,0,0,2,1,1,66.1,4428.45
1,0,0,0,1,1,0,2,1,1,1,1,1,1,0,0,3,20.0,20.0
1,0,1,0,42,1,2,1,2,0,2,0,0,2,0,1,2,94.4,4014.6
1,0,1,0,59,1,2,1,2,2,2,2,2,2,2,0,2,113.75,6561.25
1,0,0,0,35,1,2,1,2,2,2,2,0,0,0,1,3,96.75,3403.4
1,0,0,0,44,1,2,1,0,0,2,0,0,2,0,1,3,90.4,4063.0
0,0,1,0,21,1,0,1,0,0,2,2,0,0,1,0,2,79.2,1742.45
0,0,1,1,17,1,2,1,0,0,0,0,0,2,0,1,2,85.45,1451.6
0,0,1,1,22,1,0,2,1,1,1,1,1,1,0,0,3,19.9,400.3
1,0,1,1,55,1,0,0,2,0,0,0,0,2,1,0,1,59.45,3157.0
0,0,0,0,6,1,2,1,0,2,0,0,2,0,0,1,2,90.1,521.3
0,0,0,0,51,0,1,0,0,2,2,0,2,2,1,1,1,56.4,2928.5
0,1,1,0,69,1,0,1,2,2,0,0,0,2,1,0,1,87.3,6055.55
0,0,0,1,18,1,2,2,1,1,1,1,1,1,2,0,1,25.3,454.65
1,0,1,0,14,1,0,0,0,0,2,0,0,0,0,0,1,50.2,668.85
0,1,0,0,53,1,0,1,2,2,0,2,0,2,1,1,3,96.75,5206.55
0,0,1,1,7,1,0,2,1,1,1,1,1,1,0,0,3,20.45,150.75
1,1,0,0,30,1,0,0,2,2,0,0,2,2,0,1,2,74.75,2111.3
1,0,0,1,18,1,0,0,0,0,0,0,0,0,0,1,1,45.65,747.2
0,1,1,1,72,1,2,0,2,2,2,2,2,2,2,0,1,92.45,6440.25
1,0,0,0,33,1,2,0,0,2,0,0,0,0,0,1,0,54.65,1665.2
1,0,0,1,4,1,2,1,0,0,0,2,0,0,0,0,1,80.8,332.45
1,0,0,0,52,1,2,0,2,0,0,2,2,2,2,1,1,79.75,4217.8
1,0,0,1,20,1,0,2,1,1,1,1,1,1,0,1,2,19.4,374.5
1,0,1,1,6,1,2,2,1,1,1,1,1,1,2,0,3,25.4,153.3
0,0,1,1,72,1,2,0,2,2,2,2,2,2,2,0,0,92.65,6733.0
0,0,1,0,43,1,0,0,2,0,2,2,2,2,2,1,2,78.8,3460.3
0,0,0,0,12,1,2,1,0,0,2,0,2,2,0,1,0,100.15,1164.3
0,0,1,1,55,1,2,1,2,2,0,0,0,0,0,1,2,85.1,4600.95
0,0,0,0,2,1,0,0,0,2,0,0,2,0,0,1,2,59.0,114.15
0,0,1,1,70,1,2,2,1,1,1,1,1,1,2,0,3,24.05,1764.75
0,0,0,0,1,0,1,0,0,0,0,0,0,0,0,1,3,25.15,25.15
1,1,1,0,68,1,2,1,0,0,2,0,0,0,0,1,1,80.35,5589.3
0,0,0,0,4,1,0,0,0,2,0,0,2,2,0,1,0,68.65,261.25
0,0,1,0,72,1,2,2,1,1,1,1,1,1,2,0,1,26.45,1914.5
0,0,0,0,1,0,1,0,0,0,0,0,0,0,0,0,0,25.25,25.25
1,0,1,1,18,0,1,0,0,2,2,0,2,0,1,0,1,46.4,812.4
1,0,1,0,45,1,2,1,2,0,2,0,0,0,0,1,3,84.55,3713.95
1,0,1,1,28,1,0,1,0,0,2,0,2,0,0,0,2,85.45,2289.9
0,0,0,0,1,1,0,1,0,0,0,0,2,0,0,0,2,79.55,79.55
1,0,1,1,72,1,2,1,2,2,2,0,2,2,2,1,1,108.4,7767.25
0,0,0,0,57,1,0,1,0,0,2,0,2,2,2,1,2,95.25,5464.65
0,0,0,0,11,1,2,0,0,0,0,0,0,2,0,1,3,58.95,601.6
0,0,0,0,66,1,2,1,0,2,0,0,2,0,1,1,0,88.9,6000.1
1,0,1,1,51,1,0,2,1,1,1,1,1,1,1,0,3,19.4,997.75
1,0,1,1,67,1,2,2,1,1,1,1,1,1,2,0,3,26.3,1688.9
0,0,0,0,18,1,0,1,0,0,0,0,0,0,0,1,2,69.8,1221.65
0,1,0,0,11,1,2,0,2,0,0,0,0,0,0,1,2,55.6,580.8
0,0,0,0,1,1,2,1,0,2,0,0,0,0,0,1,3,80.2,80.2
0,0,1,0,70,1,0,2,1,1,1,1,1,1,2,0,0,19.45,1303.5
1,0,1,1,45,1,2,1,0,2,2,2,2,2,2,1,0,109.75,4900.65
1,1,0,0,1,1,0,1,0,0,0,0,0,0,0,1,2,70.05,70.05
1,0,0,0,29,1,0,1,0,0,0,2,2,2,0,1,2,94.2,2607.6
1,0,1,0,72,1,2,1,0,2,2,2,2,2,2,1,2,108.4,7719.5
1,0,1,0,54,1,0,0,2,2,0,0,2,2,2,1,0,74.55,4191.45
1,0,1,0,70,1,2,0,2,2,2,2,2,0,1,0,0,79.4,5528.9
0,1,0,0,2,1,0,0,0,0,0,0,0,0,0,1,2,44.3,89.3
0,0,0,0,28,1,0,0,2,2,0,2,0,0,1,1,2,59.9,1654.7
1,0,1,0,23,1,2,1,2,2,2,0,2,0,0,1,2,99.25,2186.4
0,0,0,0,24,1,0,0,0,0,2,0,0,0,0,1,1,49.3,1233.25
0,0,1,0,17,1,2,1,0,0,0,0,2,2,0,0,2,92.6,1579.7
0,0,0,1,19,1,2,0,2,2,0,2,2,0,0,1,3,75.9,1375.6
1,0,0,0,1,1,0,2,1,1,1,1,1,1,0,0,3,20.45,20.45
1,0,0,0,69,1,2,2,1,1,1,1,1,1,2,0,0,23.95,1713.1
1,0,1,0,9,1,2,1,2,0,0,0,0,2,0,1,2,88.05,801.3
1,0,0,0,53,0,1,0,0,0,2,2,2,2,1,0,1,54.9,3045.75
0,0,0,0,18,1,0,1,2,0,0,0,0,0,0,1,2,75.4,1380.4
1,1,0,0,1,1,2,1,0,0,0,0,2,2,0,1,2,94.0,94.0
0,0,0,1,13,1,2,0,2,2,2,2,2,2,2,0,1,88.95,1161.75
0,0,0,0,51,1,0,2,1,1,1,1,1,1,2,0,0,20.65,1020.75
1,0,1,1,29,1,0,0,0,0,2,2,2,2,2,0,3,75.55,2054.4
1,0,0,0,13,1,0,2,1,1,1,1,1,1,1,1,3,19.95,257.0
0,0,1,1,18,1,0,2,1,1,1,1,1,1,2,0,3,19.35,309.25
1,0,0,0,3,0,1,0,0,0,0,2,0,0,0,0,2,30.4,82.15
0,0,1,0,19,1,0,0,0,2,0,0,0,2,0,1,3,59.8,1130.85
1,0,1,0,63,1,2,0,2,2,2,2,0,2,1,0,1,80.0,5040.2
0,0,1,1,7,1,0,2,1,1,1,1,1,1,0,0,3,20.65,158.95
1,1,1,0,3,1,2,1,0,2,2,0,2,2,0,1,2,105.9,334.65
0,0,1,1,41,1,2,1,2,2,0,0,2,0,0,1,0,94.3,3893.6
0,0,1,1,54,1,2,0,2,0,0,2,0,0,2,0,0,60.0,3273.95
1,0,1,0,71,1,2,0,2,2,2,2,0,2,2,1,3,80.1,5585.4
1,0,1,0,36,1,0,2,1,1,1,1,1,1,1,0,0,20.85,720.05
0,0,1,1,61,1,2,1,2,2,2,2,2,2,2,0,1,115.1,7008.15
0,0,1,1,24,1,0,0,2,0,0,2,0,0,0,0,2,55.15,1319.85
0,0,0,0,9,0,1,0,2,0,2,2,2,2,0,0,3,58.5,539.85
1,0,1,1,34,1,0,1,0,0,0,0,0,2,1,1,0,78.95,2647.2
1,1,1,1,29,1,2,1,0,0,2,0,2,2,0,1,2,103.95,2964.8
0,0,1,0,37,1,2,0,0,2,0,2,0,2,1,0,3,72.1,2658.4
1,0,0,0,37,1,2,1,0,2,0,2,2,2,1,1,1,104.5,3778.0
0,0,0,0,1,1,0,1,0,0,0,0,0,0,0,1,2,70.1,70.1
1,1,0,0,2,1,0,0,2,0,2,0,2,0,0,0,0,66.4,94.55
1,0,0,1,57,1,2,0,2,2,2,2,2,2,2,0,3,89.55,5012.35
0,0,0,0,9,1,0,1,0,0,0,0,0,2,0,1,2,79.55,723.4
0,0,0,0,26,1,0,1,2,0,2,2,0,2,1,1,0,95.85,2475.35
0,1,0,0,65,0,1,0,0,2,2,0,2,2,2,1,0,53.5,3517.9
0,0,1,0,2,1,0,1,0,2,2,0,0,0,0,0,0,79.7,165.0
1,1,1,0,10,1,2,1,0,0,0,0,0,2,0,1,2,86.65,856.65
1,0,0,1,35,1,0,0,0,0,0,2,2,2,1,1,3,72.1,2495.15
1,0,0,0,1,1,0,1,0,0,0,0,0,2,0,1,3,80.85,80.85
0,0,1,0,28,1,0,1,2,0,0,0,2,2,0,1,3,92.35,2602.9
0,0,1,0,57,1,0,2,1,1,1,1,1,1,2,1,0,19.6,1134.25
1,0,0,0,24,0,1,0,2,0,0,0,2,2,1,1,3,50.6,1288.75
1,0,1,1,35,1,0,2,1,1,1,1,1,1,2,0,0,20.5,759.35
1,0,0,0,19,1,0,1,0,0,0,2,0,2,1,1,1,87.7,1725.95
1,1,0,0,1,1,0,1,0,0,0,0,0,0,0,0,2,69.1,69.1
0,0,1,1,12,0,1,0,2,0,0,2,0,0,1,0,1,33.15,444.75
1,0,1,1,23,1,0,2,1,1,1,1,1,1,1,1,1,20.0,445.3
1,0,1,0,59,1,2,1,0,0,2,0,2,2,1,1,0,99.5,5961.1
0,0,1,1,17,1,0,0,2,0,0,2,0,0,0,1,1,55.35,920.5
1,1,1,0,38,0,1,0,0,0,0,0,0,0,0,1,2,24.85,955.75
0,0,1,1,56,1,2,1,0,2,2,2,0,2,1,1,1,99.75,5608.4
0,0,1,1,70,1,0,0,2,2,2,2,0,2,1,0,1,74.1,5222.3
0,0,0,0,5,1,0,0,0,2,0,0,0,0,0,0,0,50.55,244.75
1,0,0,1,1,1,0,2,1,1,1,1,1,1,0,0,3,19.25,19.25
0,0,1,1,39,1,0,2,1,1,1,1,1,1,2,0,3,19.75,757.95
0,1,0,0,52,1,2,1,2,2,2,0,2,2,0,0,1,108.1,5839.3
0,0,1,1,16,0,1,0,0,0,0,0,0,2,0,1,1,35.5,552.7
0,0,1,1,26,1,0,1,2,2,0,0,0,0,0,0,2,81.95,2070.05
1,0,0,0,37,0,1,0,0,0,0,0,2,0,2,0,1,35.8,1316.9
0,0,0,0,14,1,2,1,0,0,2,0,0,0,0,1,2,80.45,1072.0
0,0,0,0,2,1,2,0,0,0,0,0,0,0,0,1,2,49.4,106.55
1,0,0,0,1,1,0,1,0,0,0,0,2,0,0,1,2,79.55,79.55
1,0,1,1,50,0,1,0,2,0,0,0,2,0,0,1,1,39.45,2021.35
0,0,1,0,67,1,2,2,1,1,1,1,1,1,2,1,1,25.25,1733.15
0,0,1,1,58,0,1,0,0,0,2,2,2,2,2,1,1,55.5,3166.9
1,0,0,0,57,1,0,2,1,1,1,1,1,1,2,0,3,20.75,1118.8
0,0,0,0,27,1,0,0,0,2,2,2,2,2,1,0,3,78.2,2078.95
1,0,1,0,58,1,0,2,1,1,1,1,1,1,2,0,3,20.75,1185.95
0,0,0,0,70,1,0,0,2,0,2,2,2,2,2,0,0,79.6,5589.45
0,1,0,0,15,1,2,0,0,0,0,2,0,0,0,0,1,55.0,757.1
1,0,0,1,54,1,2,0,0,2,0,0,0,0,0,1,1,55.0,3092.65
1,0,1,0,31,1,2,0,0,0,2,2,2,2,1,1,3,79.3,2484.0
1,1,1,0,10,1,2,1,0,0,2,0,0,2,0,1,2,89.8,914.3
0,0,0,0,2,1,0,2,1,1,1,1,1,1,0,0,3,19.5,31.55
1,1,0,0,1,1,0,1,0,0,0,2,0,0,0,0,2,74.7,74.7
1,1,1,0,57,1,0,1,0,2,2,0,2,0,1,1,2,90.65,5199.8
1,1,1,0,72,1,2,1,2,2,2,2,2,2,2,1,3,114.5,8331.95
1,0,1,0,39,1,0,2,1,1,1,1,1,1,2,1,0,20.45,790.0
0,0,0,0,61,1,2,1,2,2,2,2,2,2,1,1,3,115.1,6993.65
0,1,0,0,5,1,0,1,2,2,0,0,0,0,0,0,2,80.7,374.8
0,0,1,1,63,1,0,0,2,2,2,2,2,0,2,0,1,75.55,4707.85
1,0,0,0,18,1,2,0,2,0,2,0,2,0,0,0,3,69.5,1199.4
0,0,0,0,4,1,0,1,0,0,0,0,0,0,0,1,2,70.15,268.35
1,1,0,0,21,1,0,1,0,0,2,0,2,2,0,1,0,96.8,2030.3
0,0,1,1,68,1,2,0,2,2,2,2,2,2,2,1,0,89.05,6185.8
0,0,0,0,47,1,0,2,1,1,1,1,1,1,2,1,3,20.55,945.7
1,0,1,1,8,1,0,2,1,1,1,1,1,1,2,0,3,19.7,130.25
1,0,0,0,70,1,2,1,2,0,0,2,2,2,2,1,1,104.0,7250.15
0,0,0,0,5,1,0,2,1,1,1,1,1,1,0,0,1,19.85,108.05
0,0,0,0,3,1,2,1,0,0,0,0,0,0,0,0,2,75.25,242.0
1,0,1,0,60,1,2,1,0,2,2,0,2,0,0,1,2,95.75,5742.9
1,0,0,0,5,1,2,0,0,0,0,0,0,0,0,0,2,47.15,223.15
1,0,0,0,40,1,0,1,0,2,0,2,0,2,1,1,1,89.6,3488.15
0,1,0,0,56,1,2,1,0,2,2,0,2,2,1,1,0,104.75,5510.65
0,0,1,1,67,1,2,1,0,0,2,2,2,2,2,1,0,105.65,6717.9
1,0,1,1,38,1,0,0,2,0,2,2,2,2,2,0,1,81.0,3084.9
1,0,1,1,70,1,0,2,1,1,1,1,1,1,2,0,1,20.35,1458.1
0,0,1,0,56,1,2,1,0,2,0,0,2,2,1,1,2,98.25,5508.35
1,0,0,0,11,1,0,1,0,2,0,0,0,0,0,1,2,74.55,824.75
1,0,0,0,2,0,1,0,0,0,0,0,0,0,0,1,1,24.9,49.7
1,0,0,0,9,1,2,1,0,0,0,0,2,0,0,1,2,85.5,791.7
0,0,0,0,8,1,0,0,2,0,0,2,0,0,1,0,0,54.25,447.75
1,0,1,0,48,1,0,2,1,1,1,1,1,1,2,1,3,20.05,1036.0
1,0,0,0,2,1,0,2,1,1,1,1,1,1,0,0,3,19.35,46.35
1,0,0,0,41,0,1,0,0,0,2,0,2,2,1,1,2,51.35,2075.1
0,0,0,0,4,1,0,2,1,1,1,1,1,1,0,0,3,20.15,84.5
1,0,0,1,27,1,0,2,1,1,1,1,1,1,1,0,1,20.05,552.9
1,0,0,0,45,1,2,1,0,2,0,0,2,2,0,1,1,100.85,4740.0
0,1,0,0,1,1,0,2,1,1,1,1,1,1,0,1,2,19.45,19.45
0,0,0,0,34,1,0,1,0,2,2,2,2,2,0,1,2,105.1,3634.8
0,1,0,0,26,1,2,0,0,0,0,2,0,2,0,1,2,66.05,1652.4
1,0,1,0,18,1,2,1,0,0,0,0,2,2,0,1,2,94.7,1687.95
0,0,0,0,6,1,2,1,0,2,0,0,2,0,0,1,2,89.75,552.65
1,0,0,0,54,1,0,1,2,0,2,0,2,0,0,0,3,89.8,4667.0
1,0,1,1,9,1,2,1,0,0,2,0,2,0,1,1,2,90.35,767.9
0,0,0,0,2,1,0,1,0,0,0,0,2,0,0,1,2,80.2,146.05
0,0,0,0,35,0,1,0,0,0,2,2,0,0,0,1,3,33.45,1175.85
0,0,0,0,2,0,1,0,0,0,0,0,2,2,0,1,2,45.25,85.5
1,0,0,0,51,1,2,1,0,2,2,2,0,0,0,1,2,87.35,4473.0
1,1,0,0,8,1,2,1,0,0,2,0,0,0,0,1,2,81.25,585.95
1,0,1,0,23,1,0,0,2,0,0,0,0,2,0,1,0,59.95,1406.0
1,0,1,1,72,1,2,1,0,0,2,0,0,2,2,1,1,90.8,6511.8
0,0,0,0,2,1,0,0,0,0,2,0,0,2,0,0,2,60.85,111.4
1,0,0,0,12,1,2,1,0,0,2,0,2,0,0,1,2,89.55,1021.75
1,0,0,0,24,1,0,1,0,2,2,0,0,2,0,1,2,89.55,2187.15
1,0,1,1,72,1,2,0,2,2,2,0,0,0,2,0,1,64.45,4720.0
1,0,1,0,72,1,2,0,2,2,2,2,0,2,2,0,0,78.85,5763.15
1,0,1,0,4,1,0,1,0,0,2,2,0,0,0,1,3,80.6,319.15
1,0,0,0,7,1,0,1,0,0,0,0,0,0,0,1,2,69.55,521.35
1,0,0,0,1,1,0,0,0,0,0,0,0,0,0,1,2,44.75,44.75
1,0,1,1,13,1,0,1,0,0,2,0,2,2,0,0,2,97.0,1334.45
0,1,1,0,29,1,2,1,0,0,2,0,2,2,0,1,0,99.05,2952.85
1,0,0,0,8,1,0,0,2,0,2,0,0,2,0,1,2,66.7,579.0
1,0,0,0,39,1,0,2,1,1,1,1,1,1,1,0,3,19.9,791.15
1,0,0,0,5,1,0,0,2,0,2,0,0,0,0,1,3,55.8,274.35
0,0,1,1,45,1,0,0,2,0,2,2,2,2,2,1,3,81.0,3533.6
1,0,1,1,24,1,2,0,2,0,2,2,2,2,1,1,3,84.8,1990.5
0,0,0,0,26,1,2,1,0,0,0,0,0,0,0,1,0,74.95,1834.95
1,0,0,0,44,1,0,1,0,2,0,2,2,2,0,0,2,100.55,4398.15
0,0,1,1,49,1,2,0,0,2,0,2,2,2,2,0,0,79.3,3902.45
0,0,0,0,71,1,2,1,2,2,2,0,2,2,2,1,1,106.75,7283.25
1,0,1,1,25,1,0,1,0,2,0,0,0,0,0,1,2,75.5,1901.05
0,0,1,1,50,1,0,2,1,1,1,1,1,1,2,0,0,20.15,930.9
0,0,1,1,18,1,0,0,0,0,2,2,0,0,1,1,1,54.4,957.1
0,0,1,0,47,1,0,0,2,0,2,0,2,0,1,1,1,66.05,3021.45
1,0,1,0,47,1,2,1,0,2,2,2,2,2,0,1,2,109.55,5124.55
1,0,0,0,13,1,0,2,1,1,1,1,1,1,2,0,3,19.75,265.75
0,0,0,0,47,1,0,0,0,0,2,2,2,2,2,0,3,74.45,3510.3
1,0,0,0,25,1,0,2,1,1,1,1,1,1,1,0,1,19.9,510.8
0,0,1,1,71,1,2,0,2,2,2,2,2,2,2,0,0,89.9,6342.7
1,0,0,0,58,1,2,1,0,0,2,2,2,2,1,1,2,104.65,6219.6
0,0,1,1,68,1,2,1,2,0,2,2,2,2,2,0,1,111.75,7511.3
1,0,0,0,5,1,0,1,0,0,0,0,2,0,0,1,3,80.1,398.55
0,0,1,1,45,1,2,2,1,1,1,1,1,1,2,1,0,24.65,1138.8
1,0,0,0,1,1,0,2,1,1,1,1,1,1,0,0,3,20.5,20.5
1,0,0,0,1,1,0,2,1,1,1,1,1,1,0,0,3,19.55,19.55
0,0,1,1,67,1,0,2,1,1,1,1,1,1,2,1,0,19.25,1372.9
0,1,1,0,44,1,0,1,2,2,0,2,0,0,0,1,2,85.15,3670.5
0,0,1,1,33,1,0,0,2,2,2,0,0,0,1,1,3,58.45,1955.4
0,0,0,0,35,1,0,2,1,1,1,1,1,1,1,0,3,20.75,700.45
1,0,0,0,59,1,2,0,0,0,2,0,0,0,2,0,1,54.15,3116.15
1,1,1,0,37,1,0,1,0,0,0,0,0,0,0,1,0,72.25,2575.45
1,0,0,0,20,1,0,2,1,1,1,1,1,1,0,0,3,19.4,415.4
1,1,0,0,3,1,0,1,0,0,0,0,2,0,0,1,2,79.9,260.9
1,0,0,0,61,1,2,1,2,0,2,2,2,2,2,1,1,111.6,6876.05
0,0,0,1,17,1,0,0,0,0,0,0,2,2,0,1,3,64.7,1093.1
1,1,0,0,49,1,2,0,2,2,2,2,0,2,2,0,1,81.35,4060.9
1,0,0,0,19,1,0,1,0,2,0,0,0,0,0,1,1,73.85,1424.5
0,0,1,1,64,1,0,2,1,1,1,1,1,1,2,0,3,20.2,1277.75
1,0,0,0,10,1,2,1,0,0,0,0,0,0,0,0,2,75.05,786.3
1,0,0,1,1,1,0,2,1,1,1,1,1,1,0,0,3,19.55,19.55
0,0,1,0,70,1,2,1,0,2,2,2,2,2,1,1,2,109.5,7674.55
0,0,0,0,45,1,0,0,2,0,2,2,2,2,2,0,0,81.65,3618.7
1,0,1,0,56,1,2,2,1,1,1,1,1,1,2,1,1,25.15,1327.15
1,0,1,1,15,1,0,2,1,1,1,1,1,1,1,1,3,19.5,239.75
0,0,1,1,72,0,1,0,2,2,2,2,2,2,2,1,0,63.8,4684.3
0,0,0,0,17,1,0,2,1,1,1,1,1,1,0,0,1,19.7,340.35
0,0,1,1,67,1,0,0,0,2,0,0,0,0,1,0,1,50.55,3431.75
1,0,1,1,63,1,2,0,2,0,2,2,0,2,2,0,3,75.7,4676.7
1,0,1,0,3,1,2,1,0,0,0,2,0,0,0,1,0,79.65,251.75
0,1,1,0,71,1,0,1,2,2,2,2,2,0,2,1,2,99.4,7168.25
1,0,0,0,1,1,0,2,1,1,1,1,1,1,0,1,3,20.2,20.2
0,0,0,0,13,1,0,2,1,1,1,1,1,1,1,0,2,19.65,244.8
1,0,0,1,17,1,0,0,2,0,0,0,0,0,0,1,3,50.3,846.8
0,0,1,0,65,1,0,2,1,1,1,1,1,1,2,0,0,19.35,1319.95
1,0,1,1,68,1,2,2,1,1,1,1,1,1,2,0,0,25.4,1620.2
1,0,0,1,37,1,0,0,2,2,0,2,0,0,2,0,1,61.45,2302.35
1,0,0,0,54,1,0,2,1,1,1,1,1,1,2,0,1,19.65,1008.7
0,0,0,0,25,1,2,1,0,2,2,2,2,2,2,0,2,108.9,2809.05
0,1,0,0,9,1,0,1,0,0,0,0,2,0,0,1,2,80.85,751.65
0,0,1,1,53,1,0,2,1,1,1,1,1,1,1,1,0,19.85,1039.45
0,0,0,0,2,1,0,2,1,1,1,1,1,1,0,0,3,20.1,39.8
1,0,0,0,3,1,0,1,0,0,2,2,2,0,0,1,3,88.35,262.05
0,1,1,0,40,0,1,0,0,2,0,0,2,0,0,1,2,39.3,1637.4
1,0,0,1,3,1,0,0,0,0,0,2,2,2,0,0,3,70.7,225.65
1,0,1,1,8,1,0,0,0,0,0,0,0,0,1,1,3,43.45,345.5
0,0,0,0,22,0,1,0,0,2,0,0,2,2,0,1,2,50.35,1098.85
0,0,0,0,12,1,0,1,2,0,0,0,2,0,1,1,1,85.15,979.05
1,1,1,0,16,1,0,0,2,2,0,0,0,0,0,1,0,54.55,825.1
0,0,0,0,15,1,0,2,1,1,1,1,1,1,2,0,3,19.6,331.6
1,1,1,0,43,1,2,1,0,2,2,0,2,2,0,1,2,103.0,4414.3
1,0,1,1,12,1,0,2,1,1,1,1,1,1,0,1,2,19.2,239.0
1,0,0,0,4,1,2,0,0,0,0,2,0,2,0,0,3,65.55,237.2
0,0,0,0,9,1,0,1,0,0,2,0,0,2,0,1,1,85.3,781.4
0,0,1,1,14,1,0,2,1,1,1,1,1,1,1,1,3,19.5,272.0
0,1,1,1,23,1,0,1,0,2,2,0,0,2,0,1,0,88.45,2130.55
0,0,1,1,7,1,0,0,2,2,2,0,2,0,1,0,2,69.45,477.05
1,0,1,1,39,1,2,2,1,1,1,1,1,1,2,1,3,23.8,903.8
1,0,1,1,23,1,0,2,1,1,1,1,1,1,2,0,3,20.9,454.0
0,0,0,0,11,1,2,2,1,1,1,1,1,1,1,0,2,25.2,245.15
1,0,0,0,27,1,0,2,1,1,1,1,1,1,2,0,1,20.35,531.6
1,0,0,1,56,1,2,2,1,1,1,1,1,1,2,1,3,24.8,1424.2
1,0,1,1,19,1,2,0,0,0,0,0,0,0,0,0,1,50.1,910.45
0,0,1,1,51,1,0,0,2,2,0,2,0,2,1,1,1,69.75,3562.5
0,0,1,1,70,1,2,0,2,2,2,2,2,2,2,1,0,89.0,6293.2
1,0,1,1,1,1,0,2,1,1,1,1,1,1,0,0,3,19.7,19.7
1,0,0,0,50,1,0,1,2,2,0,2,0,2,0,1,1,93.5,4747.5
0,0,0,0,15,1,0,0,2,2,2,2,2,2,0,0,3,84.45,1287.85
1,0,1,1,72,1,0,2,1,1,1,1,1,1,2,0,1,19.4,1363.25
0,1,1,0,65,1,0,1,0,2,2,2,2,2,2,1,1,105.85,6725.5
1,1,0,0,51,1,2,2,1,1,1,1,1,1,1,0,0,25.0,1260.7
0,0,0,0,7,1,2,0,2,0,0,0,0,0,0,1,2,53.65,404.35
0,0,1,1,55,1,0,2,1,1,1,1,1,1,2,0,1,19.4,1083.0
1,0,1,0,37,1,2,0,2,0,0,0,0,0,0,1,3,55.05,2030.75
1,1,1,0,17,1,0,1,0,0,0,0,0,2,0,0,0,81.5,1329.2
0,0,1,1,6,1,0,2,1,1,1,1,1,1,1,0,1,19.0,105.5
0,0,0,0,5,1,2,1,0,0,0,0,2,0,0,1,2,84.0,424.75
0,1,0,0,15,1,0,1,2,0,2,2,0,2,0,1,3,96.3,1426.75
1,1,1,1,64,1,2,1,2,0,2,2,2,2,2,1,0,111.6,7099.0
0,1,0,0,57,1,2,1,2,0,2,2,0,2,2,0,1,101.3,5779.6
1,0,0,0,31,1,0,2,1,1,1,1,1,1,2,0,0,20.4,609.1
0,0,1,0,55,1,2,1,0,2,2,0,2,2,0,1,1,103.65,5676.65
1,0,1,1,7,1,0,2,1,1,1,1,1,1,0,1,0,20.25,174.7
0,0,0,1,61,1,2,2,1,1,1,1,1,1,2,1,1,25.0,1498.35
1,0,1,0,70,1,2,1,0,2,2,0,2,0,1,1,0,95.0,6602.9
0,0,0,0,52,1,0,0,0,0,2,0,0,2,0,1,2,59.45,3043.7
0,0,0,0,4,1,2,1,0,2,0,0,0,0,0,0,0,77.95,305.55
0,0,0,0,17,1,0,2,1,1,1,1,1,1,2,0,3,19.4,358.05
1,0,1,1,41,1,0,0,2,2,2,0,0,0,1,1,0,60.3,2511.3
0,0,0,0,6,1,2,1,0,2,2,2,2,2,0,1,1,109.9,669.45
0,0,1,1,50,1,0,1,0,0,0,0,0,0,0,1,0,69.75,3557.7
1,1,0,0,2,1,2,1,0,0,0,0,0,0,0,1,3,72.6,154.3
1,0,1,1,72,1,2,0,2,2,2,2,0,2,2,0,1,81.0,5750.0
1,0,0,0,4,0,1,0,0,0,0,2,0,2,0,1,2,40.05,162.45
0,0,1,0,9,1,0,1,0,0,0,0,2,2,0,0,2,89.45,853.1
0,0,0,0,13,0,1,0,0,0,0,0,0,2,0,1,2,35.1,446.1
1,0,0,0,7,1,0,2,1,1,1,1,1,1,0,1,3,18.95,130.55
0,0,0,0,32,1,2,1,0,2,2,0,2,2,1,1,1,104.05,3416.85
0,1,0,0,6,1,0,1,0,0,0,0,2,2,0,1,2,89.35,567.8
1,0,1,0,56,1,2,0,0,2,2,0,0,0,2,0,1,59.5,3389.25
1,0,0,0,1,1,0,0,0,0,0,0,0,0,0,0,3,44.6,44.6
1,1,0,0,2,1,0,2,1,1,1,1,1,1,0,0,2,19.2,37.2
0,0,0,0,21,1,0,1,0,0,0,0,0,0,0,1,2,68.65,1493.2
0,0,1,0,68,1,2,1,2,2,0,0,0,0,2,1,0,84.7,5711.05
1,0,0,1,66,1,2,0,2,2,0,2,0,0,2,0,0,65.7,4378.9
1,0,1,0,8,1,0,0,0,2,2,0,0,0,0,1,3,54.75,445.85
1,0,0,1,27,1,2,1,0,0,0,2,0,0,0,1,2,79.5,2180.55
0,0,0,0,5,1,2,1,0,2,0,0,2,0,0,1,2,90.8,455.5
0,0,1,0,70,1,0,2,1,1,1,1,1,1,2,0,1,19.85,1328.35
1,0,1,0,72,1,2,0,0,2,2,2,2,2,2,1,0,85.15,6316.2
0,0,0,0,2,1,0,0,0,0,0,0,0,0,0,1,2,45.4,80.95
0,1,1,0,19,1,2,1,0,0,0,0,2,2,0,1,2,94.95,1760.25
0,0,0,0,52,1,0,0,2,0,0,0,0,0,0,1,0,49.75,2535.55
0,0,1,0,72,1,0,2,1,1,1,1,1,1,2,0,0,19.4,1496.45
0,0,1,0,19,1,0,0,0,0,0,0,0,0,0,0,3,44.9,839.65
1,0,1,1,60,1,0,0,0,2,0,2,2,2,2,0,0,76.95,4543.95
1,1,1,1,66,1,2,1,2,2,2,2,2,2,1,1,2,116.25,7862.25
0,0,1,0,26,1,0,0,0,2,2,0,2,2,2,1,1,73.5,1905.7
1,0,1,1,43,1,0,0,2,0,2,2,2,2,2,1,1,79.15,3566.6
1,1,0,0,9,1,2,1,0,0,2,0,2,2,0,1,2,100.5,918.6
1,0,0,0,72,1,0,2,1,1,1,1,1,1,2,1,3,20.8,1521.2
1,0,1,0,61,1,0,2,1,1,1,1,1,1,1,1,1,20.55,1252.0
0,0,0,0,7,1,0,1,0,0,0,0,2,0,0,1,2,79.7,586.05
1,0,0,0,10,1,0,0,2,0,0,0,0,0,0,1,3,51.65,524.5
0,0,1,0,14,1,2,0,2,0,0,0,2,0,0,1,0,64.7,941.0
1,0,0,1,32,1,2,0,0,2,2,2,2,2,1,0,1,83.7,2633.3
0,0,0,0,24,1,2,1,2,0,0,2,0,0,0,1,2,84.35,1938.05
0,0,0,0,32,1,0,2,1,1,1,1,1,1,1,0,0,20.55,654.55
0,0,1,0,71,0,1,0,0,2,2,2,2,2,2,1,1,61.4,4310.35
0,0,0,0,5,1,0,2,1,1,1,1,1,1,0,0,1,20.55,96.1
1,0,0,1,1,1,0,0,0,0,2,0,0,0,0,1,2,49.85,49.85
0,0,0,0,32,1,2,1,0,0,2,0,2,2,0,1,2,101.35,3334.9
0,0,0,1,8,1,0,2,1,1,1,1,1,1,0,0,3,19.95,170.9
0,0,1,1,71,1,2,0,2,2,2,2,2,2,2,0,3,91.05,6293.75
0,0,1,1,55,1,2,0,2,2,0,2,0,2,1,1,0,75.75,4264.25
1,1,0,0,15,1,2,1,0,2,0,0,0,0,0,1,2,80.2,1217.25
0,0,0,0,22,1,2,1,0,0,0,0,0,0,1,1,1,76.0,1783.6
1,0,1,0,18,1,2,1,0,0,0,0,2,2,0,1,2,94.75,1691.9
1,0,0,0,1,1,0,0,0,0,0,2,0,0,0,0,3,49.05,49.05
0,0,1,1,19,0,1,0,0,0,0,0,0,0,0,1,3,24.85,434.8
0,0,1,0,53,1,2,1,0,2,2,2,2,2,1,1,0,108.95,5718.2
0,0,0,0,8,1,0,2,1,1,1,1,1,1,1,1,3,19.2,161.95
0,0,0,0,17,1,0,2,1,1,1,1,1,1,1,0,3,20.15,353.65
0,0,0,0,40,1,0,2,1,1,1,1,1,1,2,0,1,19.65,830.25
0,0,1,1,72,1,2,2,1,1,1,1,1,1,2,0,0,24.45,1709.1
1,1,0,0,25,1,2,1,0,2,0,0,2,0,0,1,2,88.95,2291.2
1,0,1,0,9,0,1,0,0,0,0,0,0,0,1,0,0,24.1,259.8
1,0,0,0,7,1,0,1,0,0,0,0,0,0,0,0,0,69.15,488.65
0,0,1,1,8,1,0,2,1,1,1,1,1,1,1,1,3,19.75,145.0
0,1,0,0,55,1,2,1,0,0,2,0,2,2,1,1,2,100.0,5509.3
1,0,0,0,3,1,0,2,1,1,1,1,1,1,0,1,1,20.75,67.1
1,0,1,1,40,1,2,0,0,0,2,0,2,2,0,1,2,74.55,3015.75
1,0,1,0,25,1,0,2,1,1,1,1,1,1,1,1,0,20.95,495.15
0,0,0,0,55,1,2,1,2,0,2,0,0,0,1,1,1,84.25,4589.85
1,0,1,1,59,1,0,0,2,2,2,2,2,2,2,1,2,86.75,5186.0
1,0,0,0,9,1,2,1,0,0,0,0,2,2,0,1,2,95.5,829.1
1,1,1,0,71,1,0,1,0,2,2,2,0,2,2,1,1,95.5,6707.15
1,0,0,0,50,1,2,1,2,2,2,2,2,2,1,0,1,114.35,5791.1
0,1,1,0,20,1,0,0,0,2,0,0,0,2,0,1,2,60.0,1259.35
0,0,0,0,31,1,2,1,2,0,2,0,0,0,0,1,1,84.75,2613.4
0,1,1,0,56,1,2,1,0,0,2,0,2,2,0,1,0,100.65,5688.05
0,1,0,0,40,0,1,0,2,2,0,0,2,2,0,1,2,55.8,2109.35
1,1,1,0,51,0,1,0,0,2,0,0,0,0,0,1,1,29.45,1459.35
0,0,0,0,45,1,2,1,0,2,0,0,2,0,0,1,1,89.3,4016.85
0,0,0,0,51,1,0,1,0,0,0,0,2,2,1,0,1,87.55,4475.9
1,0,1,0,54,1,2,1,0,2,2,0,2,2,0,1,2,104.3,5278.15
0,0,1,1,16,1,0,1,0,2,0,0,0,0,0,0,0,73.25,1195.75
0,0,0,0,1,1,0,1,0,0,0,0,2,2,0,0,2,90.55,90.55
1,0,1,1,29,1,2,0,0,2,2,0,2,2,0,0,1,80.1,2211.8
0,1,0,0,1,1,0,1,0,0,0,0,2,0,0,0,2,78.45,78.45
1,0,1,0,29,0,1,0,0,0,0,0,2,0,0,0,3,33.75,1009.25
1,0,0,0,9,1,0,1,0,0,0,2,2,0,0,0,2,86.25,770.5
0,1,1,0,72,1,2,1,2,2,2,2,2,2,2,1,1,116.75,8277.05
0,0,1,0,42,1,2,1,0,0,2,2,0,0,0,1,2,84.3,3588.4
1,0,1,1,37,1,0,2,1,1,1,1,1,1,2,0,0,19.8,726.1
0,0,0,0,6,1,0,1,0,0,0,0,2,2,0,1,2,91.1,455.3
0,0,0,0,1,1,0,1,2,2,0,2,0,0,0,1,3,83.4,83.4
0,0,1,1,68,1,2,1,0,0,0,0,2,0,1,1,2,83.0,5685.8
0,0,0,0,1,1,0,0,0,0,0,0,0,0,0,0,3,45.3,45.3
0,0,1,0,32,1,0,2,1,1,1,1,1,1,0,0,0,19.4,641.15
0,0,0,0,39,0,1,0,0,0,2,0,2,2,0,1,2,50.75,2011.4
1,0,0,0,37,1,0,0,2,2,2,2,0,0,2,0,0,65.6,2313.8
1,1,1,0,30,1,0,1,0,2,2,0,0,0,0,1,3,79.65,2365.15
1,1,1,0,8,1,0,0,0,0,2,2,0,2,0,1,1,64.4,581.7
1,0,0,0,27,1,0,0,2,2,0,0,0,0,1,0,0,55.45,1477.65
0,1,1,0,55,1,2,0,0,0,0,0,0,0,0,0,0,51.65,2838.55
0,0,1,0,20,1,0,2,1,1,1,1,1,1,1,0,3,20.35,393.15
0,0,0,1,1,1,0,0,2,2,0,2,0,0,0,1,2,60.0,60.0
0,0,1,1,36,1,2,1,2,0,2,0,2,2,0,1,1,104.5,3684.95
1,0,1,1,68,1,0,2,1,1,1,1,1,1,2,1,0,19.95,1303.25
0,0,0,0,3,1,0,2,1,1,1,1,1,1,0,0,3,19.85,57.2
0,0,0,0,54,0,1,0,2,0,0,2,0,2,1,0,0,44.1,2369.7
1,1,0,0,9,1,0,1,0,0,0,0,0,2,0,1,2,79.55,718.55
0,0,1,1,8,1,0,1,0,0,2,0,2,2,0,1,2,94.2,777.3
0,0,0,0,63,1,2,1,2,2,2,0,2,0,2,0,1,98.0,6218.45
1,0,1,1,21,1,0,2,1,1,1,1,1,1,1,0,3,19.8,350.1
1,0,0,0,1,1,2,1,0,0,0,0,0,0,0,1,2,75.45,75.45
1,0,0,0,8,1,0,2,1,1,1,1,1,1,0,1,0,19.7,168.9
1,0,1,1,72,0,1,0,2,2,2,2,2,2,2,1,1,65.1,4754.3
1,0,0,0,12,1,0,0,0,2,0,2,0,0,0,1,3,53.75,648.65
1,0,1,0,65,1,2,1,2,2,2,0,2,0,2,1,2,99.35,6347.55
0,0,0,0,39,0,1,0,2,2,0,2,0,0,1,1,0,40.3,1630.4
1,0,0,0,11,1,0,1,0,2,0,0,0,0,0,0,2,74.95,815.5
1,0,0,0,58,1,2,1,0,2,2,0,2,2,1,1,0,103.25,6017.65
0,0,1,1,72,1,2,0,2,0,2,2,2,2,2,1,0,83.3,6042.7
1,0,0,0,1,1,0,2,1,1,1,1,1,1,0,0,3,20.35,20.35
1,0,0,0,3,1,0,0,2,0,0,0,0,0,0,1,3,50.15,160.85
0,0,1,0,71,1,2,1,2,2,2,2,2,2,2,1,1,115.15,8078.1
0,0,0,1,17,1,2,0,0,0,2,0,0,0,1,1,3,55.85,937.5
1,0,0,0,15,1,2,0,0,0,0,0,0,0,0,0,2,51.55,765.5
0,0,0,0,26,1,0,1,0,0,0,0,2,2,0,1,0,88.8,2274.35
0,0,0,0,9,1,0,1,0,0,0,0,0,0,0,0,2,69.05,651.5
0,0,0,0,25,1,2,0,2,2,2,2,2,0,0,1,0,78.35,1837.9
0,0,0,0,38,1,0,2,1,1,1,1,1,1,2,0,3,20.3,743.05
1,0,0,0,1,1,2,1,0,2,0,0,0,0,0,1,2,79.15,79.15
0,0,0,0,43,1,2,1,0,2,2,0,2,2,2,1,2,104.6,4759.85
1,0,0,0,7,1,0,1,0,0,2,0,0,0,0,0,3,74.65,544.55
0,0,0,0,12,1,0,1,0,0,2,2,0,2,0,1,2,89.4,1095.65
0,0,1,0,30,1,2,1,0,2,0,2,2,0,0,1,1,94.1,2804.45
0,0,1,1,57,1,0,2,1,1,1,1,1,1,2,1,0,20.1,1087.7
0,0,0,0,1,1,0,1,0,2,0,0,2,0,0,0,2,84.3,84.3
1,0,1,1,65,1,2,0,0,2,2,2,2,2,2,1,0,84.2,5324.5
0,0,1,1,9,1,0,0,2,0,0,0,0,0,1,0,3,48.6,422.3
1,1,0,0,2,1,2,1,0,0,0,0,2,2,0,1,2,94.0,181.7
0,0,1,0,41,0,1,0,0,2,0,2,0,0,1,0,3,35.45,1391.65
1,0,0,0,29,0,1,0,2,0,0,2,0,0,1,0,3,35.6,1072.6
1,0,1,1,1,0,1,0,0,2,0,0,0,0,0,0,2,30.2,30.2
0,1,1,0,46,1,2,1,0,0,0,2,2,2,1,0,2,100.25,4753.85
0,0,0,0,45,1,2,1,0,0,2,2,0,0,0,1,2,87.25,3941.7
1,0,0,0,6,1,0,1,2,2,0,0,0,0,0,1,2,78.95,494.95
1,0,0,0,14,1,0,2,1,1,1,1,1,1,0,0,3,19.9,283.75
1,0,1,1,38,1,2,1,0,2,2,0,2,0,0,1,2,94.65,3624.3
0,0,1,1,59,1,2,1,0,2,2,0,2,2,1,1,2,106.15,6256.2
0,0,0,0,3,1,0,0,0,0,2,0,2,0,0,0,2,57.55,161.45
1,0,0,0,46,1,0,2,1,1,1,1,1,1,2,0,2,19.95,907.05
0,0,0,0,1,0,1,0,0,0,0,0,0,2,0,0,3,35.05,35.05
1,0,0,0,13,1,0,0,0,2,0,2,2,2,0,0,3,73.35,931.55
1,0,0,0,67,0,1,0,2,0,0,2,2,0,2,0,2,43.9,3097.2
1,0,1,1,72,1,2,1,2,2,2,2,2,2,2,1,1,114.3,8058.55
1,0,1,0,46,1,0,2,1,1,1,1,1,1,0,0,2,19.6,851.2
1,0,1,1,72,1,2,1,2,2,2,2,0,2,2,0,1,103.95,7517.7
0,0,0,0,23,1,2,1,0,2,0,0,0,0,0,1,2,79.15,1676.95
0,0,1,1,16,1,0,2,1,1,1,1,1,1,2,0,3,19.7,301.55
1,0,1,1,46,1,2,1,0,2,0,0,0,0,0,1,0,80.0,3769.7
1,0,0,0,61,1,2,1,2,2,2,0,2,2,1,1,2,107.75,6521.9
1,0,0,0,44,1,2,1,2,2,2,0,2,2,0,1,2,111.5,4915.15
0,0,0,0,1,1,0,0,0,0,0,0,0,0,0,1,2,45.65,45.65
1,0,0,0,9,1,0,1,0,0,0,0,0,0,0,1,2,70.5,597.9
1,0,0,0,25,1,2,1,0,0,0,0,2,2,0,1,0,94.7,2362.1
1,0,0,0,49,0,1,0,0,0,2,0,0,0,0,1,0,30.2,1453.1
0,0,0,0,63,1,0,1,0,0,2,2,2,0,1,1,1,90.05,5817.0
0,0,0,0,61,1,2,0,2,0,2,2,2,2,2,0,1,86.45,5175.3
1,0,1,1,11,1,0,2,1,1,1,1,1,1,0,1,2,20.45,250.8
1,0,1,0,70,0,1,0,0,2,2,2,0,2,1,1,0,51.05,3635.15
1,0,0,0,9,1,0,2,1,1,1,1,1,1,0,0,3,20.25,178.5
1,1,1,0,72,1,2,1,0,2,2,2,2,2,2,1,0,109.75,7932.5
0,0,0,0,58,1,2,2,1,1,1,1,1,1,2,1,1,24.7,1519.0
1,0,0,0,32,1,2,1,2,0,0,2,0,0,0,0,0,87.65,2766.4
1,0,0,0,4,1,0,1,0,0,0,0,2,0,0,1,2,81.0,340.85
1,0,0,1,22,1,0,2,1,1,1,1,1,1,0,0,1,20.15,432.5
1,0,0,0,7,1,2,1,0,0,0,0,0,2,0,1,2,86.8,620.35
0,0,1,1,10,1,2,1,2,0,0,0,2,2,0,1,2,100.25,1064.65
0,1,0,0,3,1,0,1,0,0,2,0,2,0,0,1,2,86.85,220.95
0,0,0,1,70,1,2,0,2,2,0,2,0,0,2,0,2,66.0,4891.5
0,0,1,1,52,1,2,1,2,2,2,0,0,2,0,0,0,98.15,4993.4
1,1,0,0,56,1,2,1,0,0,2,0,2,2,0,1,2,101.05,5594.0
1,0,0,1,25,0,1,0,2,0,0,0,2,0,1,1,1,40.65,970.55
0,0,0,0,25,1,0,2,1,1,1,1,1,1,1,0,1,19.9,527.5
1,0,0,1,39,1,2,2,1,1,1,1,1,1,1,0,0,25.45,958.45
1,0,0,0,56,1,2,1,2,2,0,0,0,0,0,1,2,86.4,4922.4
1,0,0,1,5,1,0,2,1,1,1,1,1,1,2,0,3,20.45,106.9
0,0,1,0,62,1,0,0,2,0,2,2,2,2,2,0,3,81.0,4985.9
1,0,1,1,53,1,2,2,1,1,1,1,1,1,2,0,1,25.55,1336.1
1,1,1,0,29,1,2,0,0,0,0,0,0,0,0,1,2,51.6,1442.0
0,0,0,0,1,1,2,0,0,0,0,0,0,0,0,1,2,50.1,50.1
0,0,0,0,66,1,2,2,1,1,1,1,1,1,2,1,1,25.15,1683.6
0,0,0,0,9,1,0,1,2,0,0,0,0,0,0,1,2,74.85,708.2
0,0,1,1,26,1,0,2,1,1,1,1,1,1,0,1,1,20.25,493.95
0,0,0,0,1,1,0,0,0,2,0,0,0,0,0,1,2,48.6,48.6
1,1,0,1,7,1,0,0,0,0,0,0,0,0,0,1,3,45.75,344.2
0,1,1,0,42,1,0,1,2,0,0,0,0,0,0,1,1,74.15,3229.4
1,0,0,0,12,1,0,1,0,0,0,0,2,0,0,1,2,81.45,912.0
1,0,0,0,24,1,2,0,0,0,0,2,0,0,1,0,0,54.6,1242.25
1,0,0,0,9,1,0,2,1,1,1,1,1,1,0,0,3,19.85,178.8
1,0,0,0,2,1,2,1,2,0,0,0,0,2,0,0,3,90.75,174.75
0,0,0,0,1,1,0,1,0,0,0,0,0,2,0,0,1,80.15,80.15
1,0,0,0,62,1,0,2,1,1,1,1,1,1,2,0,0,19.85,1253.65
0,0,1,1,55,1,2,0,2,0,2,2,2,2,2,1,0,85.1,4657.95
1,1,0,0,60,1,2,0,2,2,0,0,0,2,1,1,2,71.75,4374.55
1,0,0,0,1,1,0,2,1,1,1,1,1,1,0,1,2,19.85,19.85
0,0,0,1,1,0,1,0,0,0,0,0,0,0,0,0,3,24.7,24.7
0,1,0,0,2,1,0,0,0,0,0,0,0,0,0,0,2,43.95,85.1
0,0,1,1,9,1,2,0,0,2,0,0,0,0,0,1,3,55.3,501.2
0,0,1,0,69,1,2,1,2,0,0,0,2,2,2,0,0,99.15,6875.35
1,1,1,0,72,0,1,0,2,2,2,2,2,2,2,1,0,63.1,4685.55
1,0,1,1,68,1,2,1,2,2,2,0,2,2,2,1,2,110.2,7467.5
1,0,0,0,68,1,0,1,0,2,2,0,0,0,1,0,1,79.6,5461.45
1,0,1,0,72,1,2,0,2,2,2,0,2,2,2,1,2,85.25,6083.1
1,0,0,0,8,0,1,0,0,0,0,0,0,0,0,1,1,25.25,186.3
0,0,1,0,43,0,1,0,2,0,0,2,0,0,0,0,0,34.0,1505.35
0,0,0,0,1,1,0,2,1,1,1,1,1,1,0,0,3,20.15,20.15
0,0,0,0,12,1,0,2,1,1,1,1,1,1,0,0,0,19.45,227.45
0,1,0,0,20,1,2,0,0,0,0,0,0,2,0,1,3,61.6,1174.35
0,0,1,1,8,1,0,2,1,1,1,1,1,1,2,1,3,19.85,146.6
1,0,1,1,62,1,2,1,0,0,2,0,2,0,2,1,1,89.1,5411.65
0,0,0,0,67,1,2,2,1,1,1,1,1,1,2,1,0,25.6,1790.35
0,0,0,0,22,1,2,1,0,0,0,2,2,0,0,1,2,90.0,1993.8
1,1,1,0,2,1,0,1,0,0,0,0,0,0,0,0,2,70.1,141.65
0,0,0,0,54,1,2,1,2,0,2,0,2,2,1,1,0,103.95,5639.05
0,0,0,0,1,1,0,0,0,0,0,0,0,0,0,1,2,44.1,44.1
1,0,0,0,1,1,0,0,0,0,0,0,2,2,0,1,3,62.8,62.8
0,0,1,0,18,1,0,1,2,0,0,0,0,0,0,0,2,74.8,1438.05
0,0,1,0,33,1,0,0,0,2,0,2,0,0,1,1,1,53.75,1857.3
0,1,0,0,1,1,0,1,0,0,0,0,0,0,0,1,2,70.15,70.15
1,0,1,0,66,1,2,1,2,2,2,2,0,0,2,0,3,96.6,6424.25
0,0,0,0,1,1,0,2,1,1,1,1,1,1,0,0,3,19.1,19.1
0,0,1,1,72,1,2,2,1,1,1,1,1,1,2,0,3,24.9,1859.2
1,0,0,0,1,1,0,2,1,1,1,1,1,1,0,1,3,20.45,20.45
0,0,1,1,48,0,1,0,2,0,2,0,0,2,1,0,1,45.0,2196.3
1,0,1,1,45,1,0,2,1,1,1,1,1,1,2,0,3,20.35,929.2
1,1,1,0,69,0,1,0,2,2,0,0,2,2,2,0,1,56.55,3952.65
1,0,1,0,70,1,2,1,2,2,0,2,0,0,2,1,1,88.0,5986.45
1,0,1,0,40,1,2,0,0,2,0,2,2,0,1,0,1,70.75,2921.75
1,0,1,1,41,1,2,0,0,2,2,0,2,0,1,0,0,68.5,2839.95
1,0,0,0,72,1,2,0,2,2,0,2,2,2,2,0,1,86.05,6309.65
0,0,1,0,25,1,0,1,0,0,0,2,2,2,0,1,2,95.15,2395.7
0,0,1,1,2,0,1,0,0,0,0,0,0,0,0,1,3,24.4,36.55
0,0,0,0,1,1,0,1,0,0,0,0,0,2,0,1,2,79.7,79.7
1,0,1,1,71,1,2,1,2,0,2,0,2,2,2,0,2,105.55,7405.5
1,0,0,0,1,1,0,0,0,0,0,0,0,0,0,1,0,44.05,44.05
0,0,0,1,53,1,2,0,0,2,2,2,2,2,1,1,2,84.6,4449.75
1,0,1,0,72,1,2,2,1,1,1,1,1,1,2,1,0,23.55,1723.95
1,1,1,1,11,1,2,1,0,0,0,0,0,0,0,1,1,75.2,775.3
1,1,0,0,8,1,0,1,0,0,0,0,0,0,0,1,2,69.7,560.85
0,0,1,1,7,1,0,1,0,0,0,0,0,0,0,1,2,69.0,506.9
1,1,1,0,72,1,2,1,0,2,2,2,2,2,2,0,1,109.7,7898.45
0,0,1,1,71,1,0,2,1,1,1,1,1,1,2,0,0,20.1,1389.6
0,0,0,0,26,1,0,1,0,0,0,0,0,0,0,1,1,69.05,1815.65
0,0,0,0,41,1,2,1,2,2,2,2,2,2,0,1,0,114.5,4527.45
1,0,0,0,16,1,0,1,2,0,0,0,2,2,0,1,2,94.25,1483.25
1,0,0,0,34,1,0,0,2,0,2,0,0,0,1,0,3,56.95,1889.5
1,0,0,0,62,1,2,2,1,1,1,1,1,1,2,0,0,23.4,1429.65
1,0,0,0,43,1,2,1,0,0,0,2,2,2,1,1,2,100.0,4211.55
1,1,0,0,51,1,2,1,0,2,0,0,0,0,1,1,0,79.6,3974.7
1,0,0,0,49,1,2,1,0,2,0,0,2,2,0,0,2,98.7,4920.55
1,0,1,1,1,1,0,1,0,0,0,0,0,0,0,1,2,68.5,68.5
0,0,1,1,55,1,0,2,1,1,1,1,1,1,2,0,3,21.0,1210.3
1,0,0,0,30,1,2,1,2,0,0,0,2,2,0,1,0,100.4,2936.25
0,0,1,0,71,1,2,2,1,1,1,1,1,1,2,0,0,24.75,1836.9
0,0,0,0,13,1,0,0,2,0,0,2,0,0,1,0,3,55.15,742.9
1,1,0,0,48,1,2,1,0,2,0,0,2,2,1,1,2,99.0,4744.35
0,0,1,0,72,1,2,0,2,2,2,2,2,2,2,0,0,92.0,6474.4
0,1,1,0,1,1,0,1,0,0,0,0,0,0,0,1,2,69.55,69.55
1,0,0,0,51,1,2,1,0,0,0,0,0,2,0,0,0,83.4,4149.45
1,0,1,1,50,1,2,0,0,0,2,0,0,0,1,0,0,54.9,2614.1
1,0,0,0,3,1,2,1,0,0,0,0,0,0,0,0,2,74.5,217.45
1,1,1,0,41,1,2,1,0,0,2,0,2,2,0,1,2,99.8,4259.3
1,0,0,0,2,0,1,0,0,0,2,0,2,2,0,1,2,49.25,90.35
1,0,1,1,49,1,2,1,0,2,2,0,2,0,1,1,2,93.65,4520.15
1,0,1,0,65,1,2,0,2,2,2,0,0,0,1,0,1,67.05,4309.55
1,0,0,0,39,1,0,1,2,0,2,0,2,2,2,1,2,100.45,3801.7
0,0,0,0,1,1,0,0,0,0,0,0,2,0,0,1,3,53.55,53.55
0,0,0,0,25,1,0,1,0,2,2,0,2,2,0,1,2,99.5,2369.05
0,0,0,0,23,1,0,1,2,0,0,0,0,0,0,1,0,75.0,1778.5
0,0,0,0,11,0,1,0,0,2,2,2,0,0,1,1,1,40.4,422.6
0,0,0,0,9,1,0,2,1,1,1,1,1,1,0,0,0,19.5,150.35
1,0,1,0,70,1,2,1,2,2,2,0,2,0,2,1,1,99.35,6944.5
1,0,1,1,46,1,0,0,2,0,2,2,0,0,1,0,3,56.9,2560.1
0,0,0,1,26,0,1,0,0,0,2,0,0,0,0,1,3,29.8,786.5
1,0,1,1,37,1,0,0,2,0,2,2,0,0,1,1,3,58.75,2203.1
1,0,0,0,52,1,0,1,0,2,0,0,0,2,0,1,2,85.35,4338.6
0,0,0,0,8,1,0,0,2,2,0,2,0,0,1,0,0,58.2,469.25
0,0,0,0,23,1,2,1,0,2,0,0,2,2,0,1,1,98.7,2249.1
1,1,0,0,27,1,2,1,0,2,0,2,2,2,1,1,0,104.65,2964.0
0,0,0,0,36,1,0,2,1,1,1,1,1,1,1,0,3,19.55,620.75
1,0,0,1,3,1,0,0,2,0,2,0,0,0,0,0,3,55.9,157.55
0,0,1,0,72,1,2,0,2,2,2,0,2,2,2,1,1,82.65,5919.35
1,0,1,1,27,1,2,0,0,0,0,2,2,2,0,0,0,71.6,1957.1
1,1,1,0,33,0,1,0,0,2,2,2,2,0,0,1,2,50.0,1750.85
0,0,0,0,2,1,0,1,0,0,0,0,2,0,0,1,2,79.75,164.5
0,0,1,1,38,1,0,0,2,2,0,0,0,0,0,0,2,54.5,2076.05
1,1,0,0,32,1,2,1,0,0,0,0,2,2,0,1,1,96.15,3019.25
1,0,1,1,33,1,0,0,0,0,2,2,2,2,1,1,3,73.9,2405.05
1,0,0,0,22,0,1,0,0,0,2,2,2,2,2,0,0,56.75,1304.85
0,1,0,0,1,1,0,1,0,0,0,0,0,0,0,1,2,71.25,71.25
0,1,0,0,2,1,2,1,0,0,0,0,0,2,0,1,2,84.05,186.05
0,0,0,0,1,1,0,0,0,0,0,2,0,0,0,1,2,49.9,49.9
0,0,0,0,37,1,2,1,2,2,2,0,0,0,0,0,0,91.2,3382.3
1,0,1,1,56,0,1,0,0,2,2,0,0,0,1,1,1,36.1,1971.5
1,0,0,0,3,1,0,2,1,1,1,1,1,1,0,0,3,19.85,64.55
1,0,0,0,2,1,0,0,0,2,0,0,0,0,0,0,3,49.25,97.0
0,0,0,0,6,1,0,1,0,0,0,0,0,0,0,0,1,70.55,433.95
1,0,0,0,22,1,0,2,1,1,1,1,1,1,1,0,3,19.6,422.5
1,0,1,1,70,1,2,2,1,1,1,1,1,1,2,0,3,25.35,1715.15
1,0,0,0,1,1,0,2,1,1,1,1,1,1,0,0,3,19.65,19.65
1,0,1,1,70,1,2,1,2,2,0,0,2,0,0,1,1,97.55,6669.05
1,1,1,0,12,1,0,1,0,0,0,0,0,2,0,1,2,80.45,950.2
1,0,0,0,11,0,1,0,0,2,0,2,0,0,0,1,2,35.65,425.1
0,0,0,0,1,1,0,0,0,0,0,0,0,0,0,1,3,44.45,44.45
0,0,0,0,1,1,0,2,1,1,1,1,1,1,0,0,3,20.95,20.95
1,0,0,0,70,0,1,0,0,0,0,2,0,2,2,1,3,40.05,2799.75
1,0,1,1,55,1,2,1,0,0,0,0,0,2,0,0,0,85.5,4713.4
0,0,0,0,13,1,2,1,2,0,0,0,2,2,0,1,2,100.35,1358.85
1,0,0,0,17,1,0,2,1,1,1,1,1,1,1,1,0,19.65,351.55
0,0,1,1,58,0,1,0,2,0,2,2,2,2,2,0,3,59.75,3624.35
0,0,0,0,47,1,2,0,2,2,0,2,0,2,2,0,3,74.05,3496.3
0,0,0,1,34,1,0,1,2,2,2,0,2,2,0,1,0,105.35,3688.6
0,0,0,0,38,1,2,0,2,2,2,0,0,0,0,1,0,66.15,2522.4
1,1,0,0,7,1,2,1,0,0,0,0,2,0,0,1,2,84.8,546.95
0,0,1,0,71,1,2,0,2,2,2,2,2,2,2,0,2,90.1,6310.9
1,0,1,1,72,1,2,1,2,2,2,2,2,2,2,1,1,114.05,8289.2
0,0,1,0,59,1,0,1,2,0,2,0,0,0,1,1,1,81.25,4639.45
0,0,1,1,22,1,0,1,0,2,0,0,0,2,0,0,2,83.3,1845.9
0,0,1,1,72,1,2,0,2,2,2,2,0,2,2,0,0,80.85,5824.75
1,0,0,1,3,1,0,2,1,1,1,1,1,1,0,0,3,20.85,60.65
1,0,0,0,43,0,1,0,2,0,2,0,0,0,1,1,1,35.2,1463.7
1,0,0,0,10,1,0,1,0,0,0,0,0,0,0,0,3,70.15,735.5
1,0,0,0,62,1,2,0,2,2,2,2,0,0,2,0,0,69.4,4237.5
1,0,0,1,1,1,0,1,0,2,0,0,0,0,0,1,2,75.35,75.35
0,0,1,0,37,1,0,2,1,1,1,1,1,1,1,1,0,19.85,717.5
1,0,0,0,1,1,0,0,0,0,2,2,0,0,0,0,3,55.05,55.05
1,1,0,0,20,1,0,1,0,0,0,0,2,2,0,0,2,89.95,1648.45
1,0,1,0,70,1,2,0,2,0,0,2,2,2,2,1,1,76.95,5289.8
0,0,1,1,6,0,1,0,0,2,2,2,0,0,2,0,3,40.55,217.5
1,0,1,1,12,1,2,2,1,1,1,1,1,1,1,0,3,26.4,314.95
1,0,0,1,47,1,0,0,2,2,0,0,0,0,0,1,2,55.3,2654.05
1,0,1,1,67,1,2,1,0,2,0,0,0,2,0,1,0,89.55,6373.1
0,0,1,0,61,1,2,2,1,1,1,1,1,1,2,0,0,25.3,1554.9
1,1,1,0,33,1,2,1,0,2,0,0,2,2,0,1,0,100.6,3270.25
0,1,1,0,68,1,2,1,0,2,0,0,2,2,0,1,2,100.2,6851.65
1,0,0,0,70,0,1,0,2,0,2,2,0,2,2,0,0,48.4,3442.8
0,0,1,1,12,1,0,2,1,1,1,1,1,1,0,0,0,19.4,198.1
1,1,1,0,29,1,2,1,0,0,2,0,2,2,0,1,2,98.5,3004.15
1,0,1,0,53,1,2,1,2,0,2,0,0,2,0,0,2,93.9,5029.2
0,0,1,1,25,1,2,1,0,0,2,0,0,2,0,1,2,89.1,2368.4
0,0,1,0,68,1,2,0,2,2,2,2,2,2,2,1,2,91.7,6424.7
0,0,0,0,17,1,0,1,0,0,0,0,0,0,0,1,2,70.0,1144.5
1,0,1,0,71,1,0,0,0,2,2,2,2,2,2,1,1,79.1,5564.85
0,0,0,0,20,1,2,0,0,2,0,2,0,2,0,1,1,68.9,1370.35
1,0,0,0,51,1,2,0,2,0,0,2,0,0,1,0,1,59.9,3043.6
1,1,1,0,61,1,2,2,1,1,1,1,1,1,2,0,0,25.0,1501.75
1,0,1,0,29,1,2,1,2,2,0,0,0,0,0,1,2,84.45,2467.1
1,0,1,1,32,1,0,1,2,2,2,0,0,2,1,0,3,94.8,3131.55
0,0,0,0,28,0,1,0,0,0,2,0,0,0,0,1,3,29.75,790.7
0,0,1,1,4,1,0,2,1,1,1,1,1,1,0,1,2,19.95,82.9
1,1,0,0,8,1,0,1,0,0,0,0,0,0,0,1,2,69.7,572.85
1,0,0,0,27,1,2,1,0,0,2,0,0,0,0,1,2,81.3,2272.8
1,0,0,0,9,1,0,1,0,0,2,0,2,2,0,1,2,94.05,811.65
0,0,1,0,56,1,2,1,2,0,0,0,2,2,1,1,2,98.0,5270.6
0,0,1,0,48,0,1,0,0,2,2,0,0,0,1,0,3,34.7,1604.5
1,0,1,1,64,0,1,0,2,0,2,2,2,2,2,1,0,60.05,3845.45
1,0,0,1,34,1,2,1,2,2,0,0,2,2,1,1,2,103.8,3470.8
1,0,1,1,66,1,0,2,1,1,1,1,1,1,2,0,1,20.0,1374.2
1,0,0,0,2,1,0,0,0,0,0,2,0,0,0,1,1,50.2,109.25
0,0,0,0,52,0,1,0,2,2,2,0,2,2,2,1,0,58.75,3038.55
0,0,0,0,1,1,0,1,0,0,0,0,0,0,0,0,3,69.55,69.55
1,0,0,1,3,1,0,2,1,1,1,1,1,1,0,0,0,20.2,50.6
0,0,0,0,29,1,0,2,1,1,1,1,1,1,2,0,3,19.4,554.25
0,0,0,0,14,1,0,1,0,2,0,2,0,0,0,1,1,80.05,1112.3
1,0,1,0,20,1,0,0,2,0,0,2,0,2,1,1,3,64.15,1274.45
1,0,1,0,5,1,0,1,0,0,2,0,2,2,0,1,2,94.45,498.1
1,0,1,0,38,1,0,1,2,2,0,0,0,0,0,1,2,79.45,3013.05
0,0,1,0,71,1,0,2,1,1,1,1,1,1,2,0,3,19.6,1416.5
1,0,0,0,5,1,0,1,0,0,2,0,2,2,0,0,0,96.5,492.55
1,0,1,0,72,1,0,0,2,2,2,2,2,2,2,0,3,84.45,6033.1
0,1,0,0,2,1,2,1,0,2,0,0,0,2,0,0,2,89.5,161.5
1,1,1,1,68,1,2,1,0,2,2,0,0,0,0,1,2,84.65,5683.6
0,0,0,1,28,1,0,2,1,1,1,1,1,1,0,0,3,20.25,535.35
0,0,1,0,4,1,0,2,1,1,1,1,1,1,0,0,2,20.15,91.4
0,0,1,0,47,1,2,1,0,0,2,0,2,2,0,1,2,100.5,4707.1
0,0,0,0,2,1,0,2,1,1,1,1,1,1,0,0,3,20.3,41.2
1,0,0,0,45,1,0,0,2,0,0,0,0,0,0,1,0,50.9,2298.55
1,0,1,0,72,1,2,0,0,2,2,2,2,2,2,0,0,85.95,6151.9
0,0,0,0,3,1,0,1,0,0,0,2,0,2,0,0,2,85.8,272.2
0,0,0,0,23,1,2,2,1,1,1,1,1,1,1,0,1,24.8,615.35
0,1,1,0,13,1,0,1,0,0,0,0,0,0,0,1,2,70.15,916.75
0,0,1,1,72,1,2,0,2,2,2,2,2,2,2,0,1,89.8,6510.45
1,0,0,0,57,1,0,2,1,1,1,1,1,1,2,0,0,20.65,1125.6
0,1,0,0,29,1,2,1,0,0,0,2,2,2,0,0,2,98.65,2862.75
1,1,1,0,69,1,2,1,0,2,2,0,0,2,0,1,0,95.35,6382.0
1,0,1,1,42,1,2,0,2,2,0,0,2,0,0,1,0,69.4,3058.3
0,0,0,0,3,1,0,1,0,0,0,0,0,0,0,1,2,70.15,194.2
0,0,0,0,8,1,2,1,0,0,0,0,0,0,0,1,1,74.6,548.9
1,1,1,0,57,0,1,0,0,0,0,0,2,2,0,1,2,44.85,2572.95
0,1,1,1,22,1,2,1,0,0,0,0,2,0,0,0,0,85.35,1961.6
0,0,1,0,72,1,2,1,2,2,0,0,0,0,2,1,0,84.05,6052.25
1,1,1,0,2,1,0,1,0,0,2,0,0,0,0,1,2,74.2,140.1
1,0,0,0,4,1,2,1,0,2,0,0,0,0,0,0,2,78.45,330.05
1,0,0,0,47,1,2,1,0,2,2,0,2,2,1,1,2,103.1,4889.3
1,0,0,0,72,1,2,1,0,2,2,0,2,2,2,1,2,103.65,7634.8
1,0,0,0,2,1,0,0,0,0,0,0,0,0,0,0,2,45.35,89.5
1,1,0,0,43,1,0,1,0,0,0,0,2,2,0,1,3,89.55,3856.75
1,1,0,0,1,1,2,1,0,0,0,0,0,0,0,1,2,75.75,75.75
1,1,0,0,37,1,2,1,0,0,2,0,2,2,0,1,2,101.1,3744.05
1,0,1,0,8,1,2,1,0,0,0,0,0,2,0,1,0,85.65,659.45
0,0,1,1,33,1,2,2,1,1,1,1,1,1,0,0,0,24.25,838.5
0,0,1,1,8,1,2,0,0,2,0,0,0,0,0,0,2,55.75,446.8
1,0,1,1,7,1,0,2,1,1,1,1,1,1,1,0,3,20.65,150.0
1,1,1,0,1,1,0,1,0,0,0,0,0,0,0,0,3,70.85,70.85
1,1,0,0,35,1,2,1,0,0,2,0,2,2,0,1,2,99.05,3395.8
0,1,0,0,49,1,0,1,0,2,2,0,0,2,1,1,0,89.85,4287.2
1,0,1,1,12,1,0,2,1,1,1,1,1,1,2,0,0,21.05,262.05
0,0,1,0,72,1,2,1,2,2,2,0,2,2,2,1,1,110.65,8065.65
1,0,1,0,42,1,2,1,0,0,2,2,2,2,0,1,0,106.15,4512.7
0,0,1,0,17,1,2,1,2,0,0,0,0,0,0,0,2,78.9,1348.95
1,0,0,0,4,1,0,0,2,0,2,0,0,0,0,0,2,56.75,245.15
1,0,1,0,72,1,2,2,1,1,1,1,1,1,2,0,1,24.8,1874.3
1,0,0,0,37,1,0,1,0,2,0,0,2,2,0,1,1,96.1,3646.8
0,0,0,0,69,1,0,0,2,0,2,2,2,2,2,1,1,82.45,5555.3
1,0,0,0,2,0,1,0,0,0,0,2,0,0,0,0,0,29.85,75.6
0,0,0,0,60,1,2,0,2,0,2,2,0,0,1,0,2,64.75,4039.5
1,0,1,0,44,1,0,0,2,2,0,2,0,0,1,1,0,59.85,2603.95
0,0,0,0,31,1,0,1,2,0,2,2,0,0,0,0,2,87.6,2724.25
1,0,1,0,49,1,2,1,2,2,0,0,2,0,0,1,0,93.85,4733.1
1,0,0,1,47,1,0,2,1,1,1,1,1,1,1,0,1,20.55,1013.05
0,0,0,0,10,1,0,2,1,1,1,1,1,1,0,1,3,19.9,199.45
1,1,1,0,72,1,2,1,2,2,2,2,0,0,2,1,0,93.05,6735.05
0,0,1,0,70,1,0,2,1,1,1,1,1,1,2,0,0,19.8,1397.65
1,0,1,1,54,1,2,0,0,0,2,0,0,2,2,0,1,63.35,3409.1
1,0,0,0,10,1,0,0,2,0,0,2,2,0,0,0,0,62.25,612.95
0,0,0,0,11,1,0,2,1,1,1,1,1,1,1,0,1,20.05,237.7
0,0,1,1,41,1,0,0,2,0,0,2,2,2,1,1,1,74.7,3187.65
1,1,1,0,69,0,1,0,0,0,2,0,0,0,1,1,1,29.8,2134.3
0,0,1,1,20,1,2,2,1,1,1,1,1,1,0,1,0,25.55,507.4
1,1,0,0,1,1,0,0,0,0,0,0,0,0,0,0,0,45.25,45.25
1,0,1,0,31,1,2,1,2,2,0,2,0,0,0,1,1,90.55,2929.75
1,1,1,0,6,1,0,1,0,2,0,0,0,2,0,1,2,84.2,519.15
0,1,1,0,25,1,2,0,2,0,0,2,2,0,0,1,1,69.5,1752.65
0,0,0,0,56,1,0,2,1,1,1,1,1,1,2,0,0,19.7,1051.9
1,0,0,0,12,1,2,2,1,1,1,1,1,1,1,0,1,24.95,280.4
0,0,1,1,24,0,1,0,2,2,2,0,2,2,1,0,2,57.6,1367.75
0,0,1,0,65,1,2,1,0,2,2,2,2,2,1,1,1,108.05,7118.9
0,0,1,0,47,1,0,0,0,2,0,0,2,0,0,1,0,58.6,2723.4
0,0,1,1,70,1,2,1,2,2,2,2,2,2,2,1,1,113.05,7869.05
1,0,1,0,69,1,2,1,0,0,2,0,2,2,1,0,0,99.5,6841.45
0,0,1,1,17,1,2,1,2,0,2,0,2,0,0,0,2,94.4,1607.2
1,1,0,0,12,0,1,0,0,0,2,2,0,2,0,1,2,43.65,526.95
1,0,1,1,13,1,0,1,2,0,0,0,0,2,0,0,2,84.05,1095.3
0,1,1,1,4,1,0,0,0,0,0,0,0,0,0,0,2,46.0,181.6
1,0,1,0,1,1,0,1,0,0,2,0,0,0,0,0,2,76.2,76.2
0,1,0,0,1,0,1,0,0,0,0,0,0,0,0,1,3,25.8,25.8
0,0,0,0,70,1,2,1,2,2,2,2,2,2,2,1,1,111.95,7795.95
1,0,0,0,1,1,0,2,1,1,1,1,1,1,0,1,0,19.65,19.65
1,0,0,0,1,1,0,2,1,1,1,1,1,1,0,1,3,20.2,20.2
0,0,1,1,42,1,2,1,2,2,0,0,2,0,1,1,1,94.45,3923.8
0,0,1,1,10,1,0,2,1,1,1,1,1,1,0,1,0,19.8,196.75
0,1,1,1,55,1,2,0,2,0,2,2,2,0,1,0,2,76.25,4154.55
0,1,1,0,26,1,2,1,0,2,2,0,0,2,0,1,2,93.85,2381.55
0,0,0,0,36,1,0,0,2,2,2,2,2,2,1,0,0,85.85,3003.55
0,0,1,0,22,1,0,1,0,0,0,0,0,0,0,1,2,69.25,1554.0
0,0,0,0,12,1,0,1,0,2,0,0,0,2,0,1,2,84.6,1017.35
0,0,1,1,72,1,2,0,2,2,2,2,0,2,2,1,0,79.5,5661.7
1,0,0,0,1,0,1,0,0,0,0,0,0,2,0,1,2,35.45,35.45
1,0,0,0,21,1,0,2,1,1,1,1,1,1,0,0,3,20.0,417.7
0,1,0,0,14,1,2,1,0,0,2,0,0,0,0,1,0,80.35,1058.1
0,0,0,0,8,1,2,1,2,0,0,2,2,2,0,1,0,103.35,847.3
1,0,0,0,17,1,2,1,0,0,2,2,0,0,1,0,2,86.75,1410.25
1,0,0,0,10,1,2,1,0,2,2,0,0,2,0,1,2,95.25,1021.55
0,0,1,0,48,1,2,0,0,0,2,2,0,2,1,1,3,69.55,3435.6
1,0,0,0,29,1,0,0,0,0,2,0,0,0,0,0,0,48.95,1323.7
0,0,0,0,2,0,1,0,0,0,0,0,0,2,0,1,2,34.7,62.25
1,0,0,0,42,1,0,2,1,1,1,1,1,1,1,1,3,19.55,839.4
1,0,1,0,60,1,2,2,1,1,1,1,1,1,1,0,0,24.15,1505.9
1,1,0,0,5,1,0,1,0,0,0,0,0,0,0,1,3,70.25,331.9
0,1,0,0,28,1,2,0,0,2,2,2,0,0,0,0,0,64.45,1867.6
1,1,1,1,8,1,0,1,0,0,0,0,2,0,0,1,1,80.45,583.45
1,0,1,0,24,1,0,0,2,0,0,2,2,2,1,0,0,74.4,1712.9
1,0,0,0,13,1,0,2,1,1,1,1,1,1,1,1,2,19.95,253.8
0,1,0,0,31,1,2,1,0,0,0,0,0,0,0,1,2,73.9,2217.15
1,0,0,0,10,1,0,2,1,1,1,1,1,1,1,0,3,20.35,176.3
0,0,0,1,3,1,0,0,2,0,0,2,0,0,0,1,3,55.1,154.65
0,0,0,0,60,0,1,0,0,2,0,0,2,2,0,1,2,50.8,3027.4
0,0,0,0,30,0,1,0,0,0,0,2,0,2,1,1,1,40.35,1187.05
0,0,1,1,66,1,0,0,0,0,0,2,0,0,1,1,1,49.4,3251.85
0,0,1,1,65,1,0,0,2,2,2,0,0,0,1,0,0,61.35,3874.1
0,0,0,0,4,0,1,0,2,0,0,0,0,0,0,1,3,29.15,110.05
1,0,1,0,72,1,2,0,2,2,2,2,0,0,2,1,0,67.8,4804.65
0,0,1,0,72,1,2,1,2,2,2,2,0,0,2,1,0,97.0,7104.2
1,0,0,1,2,1,0,2,1,1,1,1,1,1,0,0,3,20.4,42.9
1,0,0,0,15,1,2,1,0,0,0,0,2,2,0,1,2,93.35,1444.65
0,0,0,0,21,1,0,1,0,2,2,2,2,2,1,1,3,104.55,2239.4
1,1,1,0,29,1,2,1,0,0,0,0,2,2,0,1,2,94.45,2653.65
1,0,0,0,41,1,2,1,0,2,2,0,2,2,0,1,2,104.7,4346.4
0,0,0,1,10,0,1,0,2,2,0,2,0,0,1,0,3,40.25,411.45
0,0,1,0,2,1,0,0,0,0,0,0,0,0,0,1,1,44.6,80.55
1,0,0,0,69,1,2,1,0,0,2,2,2,2,2,1,0,106.5,7348.8
1,1,0,0,3,1,2,1,0,2,2,0,2,2,0,1,2,105.0,294.45
1,0,0,0,68,1,2,2,1,1,1,1,1,1,2,1,0,24.15,1498.85
1,0,0,0,4,1,0,2,1,1,1,1,1,1,0,0,3,19.4,93.4
1,0,1,1,50,1,2,0,2,0,0,2,2,0,2,1,1,70.5,3486.65
0,1,0,0,33,1,2,1,0,2,2,2,2,2,0,1,2,110.45,3655.45
1,0,0,0,26,1,0,1,0,2,0,0,2,0,0,1,2,85.75,2146.5
1,0,0,1,39,1,2,2,1,1,1,1,1,1,2,0,3,25.0,1004.35
0,0,0,0,4,1,0,0,2,0,0,0,0,0,0,1,0,50.55,235.65
0,0,1,1,24,1,2,1,0,2,2,0,0,0,1,0,0,83.15,2033.05
1,0,1,1,72,1,2,1,2,2,2,2,2,2,2,0,0,114.55,8306.05
0,0,0,0,29,1,0,2,1,1,1,1,1,1,1,0,3,20.35,617.35
0,0,0,0,1,1,0,1,0,0,2,0,0,0,0,0,2,75.55,75.55
1,0,1,0,68,1,2,2,1,1,1,1,1,1,2,0,0,25.25,1728.2
0,0,0,1,4,1,2,1,0,2,2,0,0,0,0,0,0,84.05,333.55
0,0,1,1,51,0,1,0,2,0,0,2,0,0,2,0,0,34.2,1782.0
1,0,0,1,23,1,0,0,0,2,0,2,0,0,0,0,2,54.15,1312.45
1,1,1,0,65,1,0,1,0,0,0,0,0,0,1,1,0,70.95,4555.2
0,1,0,0,15,1,0,1,0,2,0,0,0,0,0,1,1,75.3,1147.45
0,0,1,1,36,1,2,0,2,2,2,2,2,2,2,1,1,92.9,3379.25
0,0,1,1,10,1,0,0,0,2,2,0,0,2,1,1,3,65.9,660.05
1,1,0,0,1,1,2,1,0,0,0,0,0,0,0,1,2,74.7,74.7
